-100 88 88 88
-79 88 88 88 248 0 0
-75 248 0 0 232 0 0
-71 232 0 0 196 120 0
-67 196 120 0 216 140 0
-63 216 140 0 232 160 0
-59 232 160 0 252 180 0
-55 252 180 0 248 248 0
-51 248 248 0 220 220 0
-47 220 220 0 188 188 0
-43 188 188 0 160 160 0
-39 160 160 0 0 120 176
-35 0 120 176 0 124 184
-31 0 124 184 0 128 192
-29 0 128 192 0 132 200
-27 0 132 200 0 136 208
-25 0 136 208 0 140 212
-23 0 140 212 0 144 220
-21 0 144 220 0 148 228
-19 0 148 228 0 152 236
-17 0 152 236 0 156 244
-15 0 156 244 252 252 252
-13 252 252 252 240 240 240
-11 240 240 240 228 228 228
-9 228 228 228 220 220 220
-7 220 220 220 208 208 208
-5 208 208 208 196 196 196
-3 196 196 196 188 188 188
-1 188 188 188 176 176 176
1 176 176 176 168 168 168
3 168 168 168 156 156 156
5 156 156 156 144 144 144
7 144 144 144 136 136 136
9 136 136 136 124 124 124
11 124 124 124 112 112 112
13 112 112 112 104 104 104
15 104 104 104 92 92 92
17 92 92 92 84 84 84
19 84 84 84 72 72 72
21 72 72 72 60 60 60
23 60 60 60 52 52 52
25 52 52 52 40 40 40
27 40 40 40 28 28 28
29 28 28 28 20 20 20
31 20 20 20 8 8 8
33 8 8 8 0 0 0
50 0 0 0