0	347.5	348.82	340.96	354.18	0
1	347.4	348.72	340.9	354.15	0
2	347.31	348.62	340.84	354.11	0
3	347.22	348.51	340.78	354.08	0
4	347.12	348.41	340.73	354.04	0
5	347.03	348.3	340.67	354.01	0
6	346.94	348.2	340.61	353.97	0
7	346.84	348.1	340.56	353.94	0
8	346.75	347.99	340.5	353.9	0
9	346.66	347.89	340.44	353.87	0
10	346.56	347.78	340.38	353.84	0
11	346.47	347.68	340.32	353.8	0
12	346.38	347.58	340.27	353.77	0
13	346.28	347.47	340.21	353.73	0
14	346.19	347.37	340.15	353.7	0
15	346.09	347.26	340.09	353.66	0
16	346	347.16	340.04	353.63	0
17	345.91	347.05	339.98	353.59	0
18	345.81	346.95	339.92	353.55	0
19	345.72	346.85	339.86	353.52	0
20	345.62	346.74	339.8	353.48	0
21	345.53	346.64	339.75	353.45	0
22	345.44	346.53	339.69	353.41	0
23	345.34	346.43	339.63	353.38	0
24	345.25	346.32	339.57	353.34	0
25	345.15	346.22	339.51	353.31	0
26	345.06	346.11	339.45	353.27	0
27	344.96	346.01	339.4	353.24	0
28	344.87	345.9	339.34	353.2	0
29	344.77	345.8	339.28	353.17	0
30	344.68	345.69	339.22	353.13	0
31	344.58	345.59	339.16	353.1	0
32	344.49	345.48	339.1	353.06	0
33	344.4	345.37	339.05	353.02	0
34	344.3	345.27	338.99	352.99	0
35	344.21	345.16	338.93	352.95	0
36	344.11	345.06	338.87	352.92	0
37	344.02	344.95	338.81	352.88	0
38	343.92	344.85	338.75	352.85	0
39	343.82	344.74	338.69	352.81	0
40	343.73	344.64	338.63	352.77	0
41	343.63	344.53	338.58	352.74	0
42	343.54	344.42	338.52	352.7	0
43	343.44	344.32	338.46	352.67	0
44	343.35	344.21	338.4	352.63	0
45	343.25	344.11	338.34	352.59	0
46	343.16	344	338.28	352.56	0
47	343.06	343.89	338.22	352.52	0
48	342.97	343.79	338.16	352.49	0
49	342.87	343.68	338.1	352.45	0
50	342.77	343.58	338.04	352.41	0.05
51	342.68	343.47	337.98	352.38	0.19
52	342.58	343.36	337.92	352.34	0.32
53	342.49	343.26	337.86	352.31	0.46
54	342.39	343.15	337.8	352.27	0.6
55	342.29	343.04	337.75	352.23	0.73
56	342.2	342.94	337.69	352.2	0.87
57	342.1	342.83	337.63	352.16	1
58	342.01	342.72	337.57	352.12	1.14
59	341.91	342.62	337.51	352.09	1.27
60	341.81	342.51	337.45	352.05	1.41
61	341.72	342.4	337.39	352.01	1.54
62	341.62	342.3	337.33	351.98	1.68
63	341.52	342.19	337.27	351.94	1.81
64	341.43	342.08	337.21	351.9	1.95
65	341.33	341.97	337.15	351.87	2.08
66	341.23	341.87	337.09	351.83	2.22
67	341.14	341.76	337.03	351.79	2.35
68	341.04	341.65	336.97	351.76	2.49
69	340.94	341.55	336.91	351.72	2.62
70	340.85	341.44	336.85	351.68	2.76
71	340.75	341.33	336.79	351.65	2.89
72	340.65	341.22	336.73	351.61	3.03
73	340.56	341.11	336.66	351.57	3.16
74	340.46	341.01	336.6	351.54	3.3
75	340.36	340.9	336.54	351.5	3.43
76	340.26	340.79	336.48	351.46	3.57
77	340.17	340.68	336.42	351.43	3.7
78	340.07	340.58	336.36	351.39	3.84
79	339.97	340.47	336.3	351.35	3.97
80	339.88	340.36	336.24	351.31	4.11
81	339.78	340.25	336.18	351.28	4.24
82	339.68	340.14	336.12	351.24	4.38
83	339.58	340.04	336.06	351.2	4.51
84	339.48	339.93	336	351.16	4.65
85	339.39	339.82	335.94	351.13	4.78
86	339.29	339.71	335.87	351.09	4.92
87	339.19	339.6	335.81	351.05	5.05
88	339.09	339.49	335.75	351.02	5.19
89	339	339.39	335.69	350.98	5.32
90	338.9	339.28	335.63	350.94	5.46
91	338.8	339.17	335.57	350.9	5.59
92	338.7	339.06	335.51	350.87	5.73
93	338.6	338.95	335.45	350.83	5.87
94	338.5	338.84	335.38	350.79	6
95	338.41	338.73	335.32	350.75	6.14
96	338.31	338.62	335.26	350.71	6.27
97	338.21	338.51	335.2	350.68	6.41
98	338.11	338.41	335.14	350.64	6.54
99	338.01	338.3	335.08	350.6	6.68
100	337.91	338.19	335.01	350.56	6.81
101	337.81	338.08	334.95	350.53	6.95
102	337.72	337.97	334.89	350.49	7.08
103	337.62	337.86	334.83	350.45	7.22
104	337.52	337.75	334.77	350.41	7.35
105	337.42	337.64	334.71	350.37	7.49
106	337.32	337.53	334.64	350.33	7.62
107	337.22	337.42	334.58	350.3	7.76
108	337.12	337.31	334.52	350.26	7.89
109	337.02	337.2	334.46	350.22	8.03
110	336.92	337.09	334.39	350.18	8.16
111	336.82	336.98	334.33	350.14	8.3
112	336.72	336.87	334.27	350.11	8.43
113	336.63	336.76	334.21	350.07	8.57
114	336.53	336.65	334.15	350.03	8.7
115	336.43	336.54	334.08	349.99	8.84
116	336.33	336.43	334.02	349.95	8.97
117	336.23	336.32	333.96	349.91	9.11
118	336.13	336.21	333.9	349.87	9.24
119	336.03	336.1	333.83	349.84	9.38
120	335.93	335.99	333.77	349.8	9.51
121	335.83	335.88	333.71	349.76	9.65
122	335.73	335.77	333.64	349.72	9.78
123	335.63	335.66	333.58	349.68	9.92
124	335.53	335.55	333.52	349.64	10.05
125	335.43	335.44	333.46	349.6	10.19
126	335.33	335.33	333.39	349.57	10.32
127	335.23	335.21	333.33	349.53	10.46
128	335.13	335.1	333.27	349.49	10.59
129	335.03	334.99	333.2	349.45	10.73
130	334.93	334.88	333.14	349.41	10.87
131	334.82	334.77	333.08	349.37	11
132	334.72	334.66	333.01	349.33	11.14
133	334.62	334.55	332.95	349.29	11.27
134	334.52	334.44	332.89	349.25	11.41
135	334.42	334.32	332.82	349.21	11.54
136	334.32	334.21	332.76	349.17	11.68
137	334.22	334.1	332.69	349.14	11.81
138	334.12	333.99	332.63	349.1	11.95
139	334.02	333.88	332.57	349.06	12.08
140	333.92	333.77	332.5	349.02	12.22
141	333.81	333.65	332.44	348.98	12.35
142	333.71	333.54	332.38	348.94	12.49
143	333.61	333.43	332.31	348.9	12.62
144	333.51	333.32	332.25	348.86	12.76
145	333.41	333.21	332.18	348.82	12.89
146	333.31	333.09	332.12	348.78	13.03
147	333.21	332.98	332.06	348.74	13.16
148	333.1	332.87	331.99	348.7	13.3
149	333	332.76	331.93	348.66	13.43
150	332.9	332.64	331.86	348.62	13.57
151	332.8	332.53	331.8	348.58	13.7
152	332.7	332.42	331.73	348.54	13.84
153	332.59	332.31	331.67	348.5	13.97
154	332.49	332.19	331.6	348.46	14.11
155	332.39	332.08	331.54	348.42	14.24
156	332.29	331.97	331.47	348.38	14.38
157	332.19	331.86	331.41	348.34	14.51
158	332.08	331.74	331.35	348.3	14.65
159	331.98	331.63	331.28	348.26	14.78
160	331.88	331.52	331.22	348.22	14.92
161	331.78	331.4	331.15	348.18	15.05
162	331.67	331.29	331.09	348.14	15.19
163	331.57	331.18	331.02	348.1	15.32
164	331.47	331.06	330.95	348.06	15.46
165	331.36	330.95	330.89	348.02	15.59
166	331.26	330.84	330.82	347.98	15.73
167	331.16	330.72	330.76	347.94	15.87
168	331.06	330.61	330.69	347.9	16
169	330.95	330.49	330.63	347.86	16.14
170	330.85	330.38	330.56	347.82	16.27
171	330.75	330.27	330.5	347.78	16.41
172	330.64	330.15	330.43	347.73	16.54
173	330.54	330.04	330.37	347.69	16.68
174	330.44	329.92	330.3	347.65	16.81
175	330.33	329.81	330.23	347.61	16.95
176	330.23	329.7	330.17	347.57	17.08
177	330.12	329.58	330.1	347.53	17.22
178	330.02	329.47	330.04	347.49	17.35
179	329.92	329.35	329.97	347.45	17.49
180	329.81	329.24	329.9	347.41	17.62
181	329.71	329.12	329.84	347.37	17.76
182	329.61	329.01	329.77	347.33	17.89
183	329.5	328.89	329.71	347.28	18.03
184	329.4	328.78	329.64	347.24	18.16
185	329.29	328.66	329.57	347.2	18.3
186	329.19	328.55	329.51	347.16	18.43
187	329.08	328.43	329.44	347.12	18.57
188	328.98	328.32	329.37	347.08	18.7
189	328.87	328.2	329.31	347.04	18.84
190	328.77	328.09	329.24	346.99	18.97
191	328.67	327.97	329.17	346.95	19.11
192	328.56	327.86	329.11	346.91	19.24
193	328.46	327.74	329.04	346.87	19.38
194	328.35	327.63	328.97	346.83	19.51
195	328.25	327.51	328.91	346.79	19.65
196	328.14	327.4	328.84	346.74	19.78
197	328.04	327.28	328.77	346.7	19.92
198	327.93	327.16	328.7	346.66	20.05
199	327.82	327.05	328.64	346.62	20.19
200	327.72	326.93	328.57	346.58	20.32
201	327.61	326.82	328.5	346.53	20.46
202	327.51	326.7	328.43	346.49	20.59
203	327.4	326.58	328.37	346.45	20.73
204	327.3	326.47	328.3	346.41	20.87
205	327.19	326.35	328.23	346.37	21
206	327.09	326.23	328.16	346.32	21.14
207	326.98	326.12	328.1	346.28	21.27
208	326.87	326	328.03	346.24	21.41
209	326.77	325.88	327.96	346.2	21.54
210	326.66	325.77	327.89	346.15	21.68
211	326.56	325.65	327.82	346.11	21.81
212	326.45	325.53	327.76	346.07	21.95
213	326.34	325.42	327.69	346.03	22.08
214	326.24	325.3	327.62	345.98	22.22
215	326.13	325.18	327.55	345.94	22.35
216	326.02	325.06	327.48	345.9	22.49
217	325.92	324.95	327.42	345.86	22.62
218	325.81	324.83	327.35	345.81	22.76
219	325.7	324.71	327.28	345.77	22.89
220	325.6	324.59	327.21	345.73	23.03
221	325.49	324.48	327.14	345.68	23.16
222	325.38	324.36	327.07	345.64	23.3
223	325.27	324.24	327	345.6	23.43
224	325.17	324.12	326.93	345.56	23.57
225	325.06	324	326.87	345.51	23.7
226	324.95	323.89	326.8	345.47	23.84
227	324.84	323.77	326.73	345.43	23.97
228	324.74	323.65	326.66	345.38	24.11
229	324.63	323.53	326.59	345.34	24.24
230	324.52	323.41	326.52	345.3	24.38
231	324.41	323.29	326.45	345.25	24.51
232	324.31	323.18	326.38	345.21	24.65
233	324.2	323.06	326.31	345.17	24.78
234	324.09	322.94	326.24	345.12	24.92
235	323.98	322.82	326.17	345.08	25.05
236	323.87	322.7	326.1	345.03	25.19
237	323.77	322.58	326.03	344.99	25.32
238	323.66	322.46	325.96	344.95	25.46
239	323.55	322.34	325.89	344.9	25.59
240	323.44	322.22	325.82	344.86	25.73
241	323.33	322.11	325.75	344.82	25.86
242	323.22	321.99	325.68	344.77	26
243	323.11	321.87	325.61	344.73	26.14
244	323.01	321.75	325.54	344.68	26.27
245	322.9	321.63	325.47	344.64	26.41
246	322.79	321.51	325.4	344.59	26.54
247	322.68	321.39	325.33	344.55	26.68
248	322.57	321.27	325.26	344.51	26.81
249	322.46	321.15	325.19	344.46	26.95
250	322.35	321.03	325.12	344.42	27.08
251	322.24	320.91	325.05	344.37	27.22
252	322.13	320.79	324.98	344.33	27.35
253	322.02	320.67	324.91	344.28	27.49
254	321.91	320.55	324.84	344.24	27.62
255	321.8	320.43	324.77	344.19	27.76
256	321.69	320.3	324.7	344.15	27.89
257	321.58	320.18	324.62	344.11	28.03
258	321.47	320.06	324.55	344.06	28.16
259	321.36	319.94	324.48	344.02	28.3
260	321.25	319.82	324.41	343.97	28.43
261	321.14	319.7	324.34	343.93	28.57
262	321.03	319.58	324.27	343.88	28.7
263	320.92	319.46	324.2	343.84	28.84
264	320.81	319.34	324.12	343.79	28.97
265	320.7	319.22	324.05	343.75	29.11
266	320.59	319.09	323.98	343.7	29.24
267	320.48	318.97	323.91	343.65	29.38
268	320.37	318.85	323.84	343.61	29.51
269	320.26	318.73	323.77	343.56	29.65
270	320.14	318.61	323.69	343.52	29.78
271	320.03	318.49	323.62	343.47	29.92
272	319.92	318.36	323.55	343.43	30.05
273	319.81	318.24	323.48	343.38	30.19
274	319.7	318.12	323.4	343.34	30.32
275	319.59	318	323.33	343.29	30.46
276	319.48	317.87	323.26	343.24	30.59
277	319.36	317.75	323.19	343.2	30.73
278	319.25	317.63	323.11	343.15	30.86
279	319.14	317.51	323.04	343.11	31
280	319.03	317.38	322.97	343.06	31.14
281	318.92	317.26	322.9	343.01	31.27
282	318.8	317.14	322.82	342.97	31.41
283	318.69	317.01	322.75	342.92	31.54
284	318.58	316.89	322.68	342.88	31.68
285	318.47	316.77	322.6	342.83	31.81
286	318.35	316.65	322.53	342.78	31.95
287	318.24	316.52	322.46	342.74	32.08
288	318.13	316.4	322.38	342.69	32.22
289	318.02	316.27	322.31	342.64	32.35
290	317.9	316.15	322.24	342.6	32.49
291	317.79	316.03	322.16	342.55	32.62
292	317.68	315.9	322.09	342.5	32.76
293	317.56	315.78	322.01	342.46	32.89
294	317.45	315.66	321.94	342.41	33.03
295	317.34	315.53	321.87	342.36	33.16
296	317.22	315.41	321.79	342.32	33.3
297	317.11	315.28	321.72	342.27	33.43
298	317	315.16	321.64	342.22	33.57
299	316.88	315.03	321.57	342.18	33.7
300	316.77	314.91	321.5	342.13	33.84
301	316.66	314.78	321.42	342.08	33.97
302	316.54	314.66	321.35	342.03	34.11
303	316.43	314.53	321.27	341.99	34.24
304	316.31	314.41	321.2	341.94	34.38
305	316.2	314.28	321.12	341.89	34.51
306	316.08	314.16	321.05	341.84	34.65
307	315.97	314.03	320.97	341.8	34.78
308	315.85	313.91	320.9	341.75	34.92
309	315.74	313.78	320.82	341.7	35.05
310	315.63	313.66	320.75	341.65	35.19
311	315.51	313.53	320.67	341.6	35.32
312	315.4	313.41	320.6	341.56	35.46
313	315.28	313.28	320.52	341.51	35.59
314	315.16	313.15	320.45	341.46	35.73
315	315.05	313.03	320.37	341.41	35.86
316	314.93	312.9	320.29	341.36	36
317	314.82	312.77	320.22	341.32	36.14
318	314.7	312.65	320.14	341.27	36.27
319	314.59	312.52	320.07	341.22	36.41
320	314.47	312.39	319.99	341.17	36.54
321	314.36	312.27	319.91	341.12	36.68
322	314.24	312.14	319.84	341.07	36.81
323	314.12	312.01	319.76	341.03	36.95
324	314.01	311.89	319.69	340.98	37.08
325	313.89	311.76	319.61	340.93	37.22
326	313.77	311.63	319.53	340.88	37.35
327	313.66	311.51	319.46	340.83	37.49
328	313.54	311.38	319.38	340.78	37.62
329	313.42	311.25	319.3	340.73	37.76
330	313.31	311.12	319.23	340.68	37.89
331	313.19	310.99	319.15	340.63	38.03
332	313.07	310.87	319.07	340.59	38.16
333	312.96	310.74	318.99	340.54	38.3
334	312.84	310.61	318.92	340.49	38.43
335	312.72	310.48	318.84	340.44	38.57
336	312.6	310.35	318.76	340.39	38.7
337	312.49	310.23	318.69	340.34	38.84
338	312.37	310.1	318.61	340.29	38.97
339	312.25	309.97	318.53	340.24	39.11
340	312.13	309.84	318.45	340.19	39.24
341	312.02	309.71	318.37	340.14	39.38
342	311.9	309.58	318.3	340.09	39.51
343	311.78	309.45	318.22	340.04	39.65
344	311.66	309.32	318.14	339.99	39.78
345	311.54	309.19	318.06	339.94	39.92
346	311.42	309.07	317.98	339.89	40.05
347	311.3	308.94	317.9	339.84	40.19
348	311.19	308.81	317.83	339.79	40.32
349	311.07	308.68	317.75	339.74	40.46
350	310.95	308.55	317.67	339.69	40.59
351	310.83	308.42	317.59	339.64	40.73
352	310.71	308.29	317.51	339.59	40.86
353	310.59	308.16	317.43	339.54	41
354	310.47	308.03	317.35	339.49	41.13
355	310.35	307.9	317.27	339.44	41.27
356	310.23	307.77	317.2	339.38	41.41
357	310.11	307.63	317.12	339.33	41.54
358	309.99	307.5	317.04	339.28	41.68
359	309.87	307.37	316.96	339.23	41.81
360	309.75	307.24	316.88	339.18	41.95
361	309.63	307.11	316.8	339.13	42.08
362	309.51	306.98	316.72	339.08	42.22
363	309.39	306.85	316.64	339.03	42.35
364	309.27	306.72	316.56	338.98	42.49
365	309.15	306.59	316.48	338.92	42.62
366	309.03	306.45	316.4	338.87	42.76
367	308.91	306.32	316.32	338.82	42.89
368	308.79	306.19	316.24	338.77	43.03
369	308.67	306.06	316.16	338.72	43.16
370	308.54	305.93	316.08	338.67	43.3
371	308.42	305.79	315.99	338.61	43.43
372	308.3	305.66	315.91	338.56	43.57
373	308.18	305.53	315.83	338.51	43.7
374	308.06	305.4	315.75	338.46	43.84
375	307.94	305.26	315.67	338.41	43.97
376	307.81	305.13	315.59	338.35	44.11
377	307.69	305	315.51	338.3	44.24
378	307.57	304.86	315.43	338.25	44.38
379	307.45	304.73	315.35	338.2	44.51
380	307.33	304.6	315.26	338.14	44.65
381	307.2	304.46	315.18	338.09	44.78
382	307.08	304.33	315.1	338.04	44.92
383	306.96	304.2	315.02	337.99	45.05
384	306.83	304.06	314.94	337.93	45.19
385	306.71	303.93	314.85	337.88	45.32
386	306.59	303.8	314.77	337.83	45.46
387	306.47	303.66	314.69	337.77	45.59
388	306.34	303.53	314.61	337.72	45.73
389	306.22	303.39	314.53	337.67	45.86
390	306.09	303.26	314.44	337.61	46
391	305.97	303.12	314.36	337.56	46.13
392	305.85	302.99	314.28	337.51	46.27
393	305.72	302.85	314.19	337.45	46.41
394	305.6	302.72	314.11	337.4	46.54
395	305.47	302.58	314.03	337.35	46.68
396	305.35	302.45	313.94	337.29	46.81
397	305.23	302.31	313.86	337.24	46.95
398	305.1	302.18	313.78	337.18	47.08
399	304.98	302.04	313.69	337.13	47.22
400	304.85	301.91	313.61	337.08	47.35
401	304.73	301.77	313.53	337.02	47.49
402	304.6	301.63	313.44	336.97	47.62
403	304.48	301.5	313.36	336.91	47.76
404	304.35	301.36	313.28	336.86	47.89
405	304.23	301.22	313.19	336.8	48.03
406	304.1	301.09	313.11	336.75	48.16
407	303.97	300.95	313.02	336.69	48.3
408	303.85	300.81	312.94	336.64	48.43
409	303.72	300.68	312.85	336.59	48.57
410	303.6	300.54	312.77	336.53	48.7
411	303.47	300.4	312.68	336.48	48.84
412	303.34	300.27	312.6	336.42	48.97
413	303.22	300.13	312.51	336.36	49.11
414	303.09	299.99	312.43	336.31	49.24
415	302.96	299.85	312.34	336.25	49.38
416	302.84	299.71	312.26	336.2	49.51
417	302.71	299.58	312.17	336.14	49.65
418	302.58	299.44	312.09	336.09	49.78
419	302.45	299.3	312	336.03	49.92
420	302.33	299.16	311.91	335.98	50.05
421	302.2	299.02	311.83	335.92	50.19
422	302.07	298.88	311.74	335.86	50.32
423	301.94	298.75	311.66	335.81	50.46
424	301.81	298.61	311.57	335.75	50.59
425	301.69	298.47	311.48	335.7	50.73
426	301.56	298.33	311.4	335.64	50.86
427	301.43	298.19	311.31	335.58	51
428	301.3	298.05	311.22	335.53	51.13
429	301.17	297.91	311.14	335.47	51.27
430	301.04	297.77	311.05	335.41	51.41
431	300.91	297.63	310.96	335.36	51.54
432	300.79	297.49	310.87	335.3	51.68
433	300.66	297.35	310.79	335.24	51.81
434	300.53	297.21	310.7	335.19	51.95
435	300.4	297.07	310.61	335.13	52.08
436	300.27	296.93	310.52	335.07	52.22
437	300.14	296.79	310.44	335.01	52.35
438	300.01	296.64	310.35	334.96	52.49
439	299.88	296.5	310.26	334.9	52.62
440	299.75	296.36	310.17	334.84	52.76
441	299.62	296.22	310.08	334.78	52.89
442	299.49	296.08	309.99	334.73	53.03
443	299.35	295.94	309.91	334.67	53.16
444	299.22	295.8	309.82	334.61	53.3
445	299.09	295.65	309.73	334.55	53.43
446	298.96	295.51	309.64	334.49	53.57
447	298.83	295.37	309.55	334.44	53.7
448	298.7	295.23	309.46	334.38	53.84
449	298.57	295.08	309.37	334.32	53.97
450	298.44	294.94	309.28	334.26	54.11
451	298.3	294.8	309.19	334.2	54.24
452	298.17	294.66	309.1	334.14	54.38
453	298.04	294.51	309.01	334.08	54.51
454	297.91	294.37	308.92	334.02	54.65
455	297.77	294.22	308.83	333.97	54.78
456	297.64	294.08	308.74	333.91	54.92
457	297.51	293.94	308.65	333.85	55.05
458	297.38	293.79	308.56	333.79	55.19
459	297.24	293.65	308.47	333.73	55.32
460	297.11	293.5	308.38	333.67	55.46
461	296.98	293.36	308.29	333.61	55.59
462	296.84	293.22	308.2	333.55	55.73
463	296.71	293.07	308.11	333.49	55.86
464	296.57	292.93	308.01	333.43	56
465	296.44	292.78	307.92	333.37	56.13
466	296.31	292.64	307.83	333.31	56.27
467	296.17	292.49	307.74	333.25	56.4
468	296.04	292.34	307.65	333.19	56.54
469	295.9	292.2	307.56	333.13	56.68
470	295.77	292.05	307.46	333.07	56.81
471	295.63	291.91	307.37	333.01	56.95
472	295.5	291.76	307.28	332.95	57.08
473	295.36	291.61	307.19	332.89	57.22
474	295.23	291.47	307.09	332.82	57.35
475	295.09	291.32	307	332.76	57.49
476	294.95	291.17	306.91	332.7	57.62
477	294.82	291.03	306.81	332.64	57.76
478	294.68	290.88	306.72	332.58	57.89
479	294.55	290.73	306.63	332.52	58.03
480	294.41	290.58	306.53	332.46	58.16
481	294.27	290.44	306.44	332.39	58.3
482	294.14	290.29	306.35	332.33	58.43
483	294	290.14	306.25	332.27	58.57
484	293.86	289.99	306.16	332.21	58.7
485	293.72	289.84	306.06	332.15	58.84
486	293.59	289.69	305.97	332.08	58.97
487	293.45	289.55	305.88	332.02	59.11
488	293.31	289.4	305.78	331.96	59.24
489	293.17	289.25	305.69	331.9	59.38
490	293.03	289.1	305.59	331.83	59.51
491	292.9	288.95	305.5	331.77	59.65
492	292.76	288.8	305.4	331.71	59.78
493	292.62	288.65	305.3	331.65	59.92
494	292.48	288.5	305.21	331.58	60.05
495	292.34	288.35	305.11	331.52	60.19
496	292.2	288.2	305.02	331.46	60.32
497	292.06	288.05	304.92	331.39	60.46
498	291.92	287.9	304.83	331.33	60.59
499	291.78	287.75	304.73	331.26	60.73
500	291.64	287.6	304.63	331.2	60.86
501	291.5	287.44	304.54	331.14	61
502	291.36	287.29	304.44	331.07	61.13
503	291.22	287.14	304.34	331.01	61.27
504	291.08	286.99	304.24	330.94	61.4
505	290.94	286.84	304.15	330.88	61.54
506	290.8	286.69	304.05	330.81	61.68
507	290.66	286.53	303.95	330.75	61.81
508	290.52	286.38	303.85	330.68	61.95
509	290.37	286.23	303.76	330.62	62.08
510	290.23	286.07	303.66	330.55	62.22
511	290.09	285.92	303.56	330.49	62.35
512	289.95	285.77	303.46	330.42	62.49
513	289.81	285.61	303.36	330.36	62.62
514	289.66	285.46	303.26	330.29	62.76
515	289.52	285.31	303.17	330.23	62.89
516	289.38	285.15	303.07	330.16	63.03
517	289.23	285	302.97	330.1	63.16
518	289.09	284.84	302.87	330.03	63.3
519	288.95	284.69	302.77	329.96	63.43
520	288.8	284.53	302.67	329.9	63.57
521	288.66	284.38	302.57	329.83	63.7
522	288.52	284.22	302.47	329.76	63.84
523	288.37	284.07	302.37	329.7	63.97
524	288.23	283.91	302.27	329.63	64.11
525	288.08	283.76	302.17	329.56	64.24
526	287.94	283.6	302.07	329.5	64.38
527	287.79	283.45	301.97	329.43	64.51
528	287.65	283.29	301.87	329.36	64.65
529	287.5	283.13	301.76	329.29	64.78
530	287.36	282.98	301.66	329.23	64.92
531	287.21	282.82	301.56	329.16	65.05
532	287.06	282.66	301.46	329.09	65.19
533	286.92	282.5	301.36	329.02	65.32
534	286.77	282.35	301.25	328.96	65.46
535	286.62	282.19	301.15	328.89	65.59
536	286.48	282.03	301.05	328.82	65.73
537	286.33	281.87	300.95	328.75	65.86
538	286.18	281.71	300.84	328.68	66
539	286.03	281.55	300.74	328.61	66.13
540	285.89	281.4	300.64	328.54	66.27
541	285.74	281.24	300.54	328.47	66.4
542	285.59	281.08	300.43	328.4	66.54
543	285.44	280.92	300.33	328.34	66.68
544	285.29	280.76	300.22	328.27	66.81
545	285.14	280.6	300.12	328.2	66.95
546	285	280.44	300.02	328.13	67.08
547	284.85	280.28	299.91	328.06	67.22
548	284.7	280.12	299.81	327.99	67.35
549	284.55	279.96	299.7	327.92	67.49
550	284.4	279.79	299.6	327.85	67.62
551	284.25	279.63	299.49	327.77	67.76
552	284.1	279.47	299.39	327.7	67.89
553	283.95	279.31	299.28	327.63	68.03
554	283.8	279.15	299.17	327.56	68.16
555	283.64	278.99	299.07	327.49	68.3
556	283.49	278.82	298.96	327.42	68.43
557	283.34	278.66	298.86	327.35	68.57
558	283.19	278.5	298.75	327.28	68.7
559	283.04	278.33	298.64	327.2	68.84
560	282.89	278.17	298.54	327.13	68.97
561	282.73	278.01	298.43	327.06	69.11
562	282.58	277.84	298.32	326.99	69.24
563	282.43	277.68	298.21	326.92	69.38
564	282.27	277.51	298.11	326.84	69.51
565	282.12	277.35	298	326.77	69.65
566	281.97	277.19	297.89	326.7	69.78
567	281.81	277.02	297.78	326.63	69.92
568	281.66	276.86	297.67	326.55	70.05
569	281.51	276.69	297.56	326.48	70.19
570	281.35	276.52	297.45	326.41	70.32
571	281.2	276.36	297.35	326.33	70.46
572	281.04	276.19	297.24	326.26	70.59
573	280.89	276.03	297.13	326.18	70.73
574	280.73	275.86	297.02	326.11	70.86
575	280.58	275.69	296.91	326.04	71
576	280.42	275.52	296.8	325.96	71.13
577	280.26	275.36	296.69	325.89	71.27
578	280.11	275.19	296.58	325.81	71.4
579	279.95	275.02	296.46	325.74	71.54
580	279.79	274.85	296.35	325.66	71.67
581	279.64	274.68	296.24	325.59	71.81
582	279.48	274.52	296.13	325.51	71.95
583	279.32	274.35	296.02	325.44	72.08
584	279.16	274.18	295.91	325.36	72.22
585	279	274.01	295.79	325.28	72.35
586	278.85	273.84	295.68	325.21	72.49
587	278.69	273.67	295.57	325.13	72.62
588	278.53	273.5	295.46	325.05	72.76
589	278.37	273.33	295.34	324.98	72.89
590	278.21	273.16	295.23	324.9	73.03
591	278.05	272.99	295.12	324.82	73.16
592	277.89	272.81	295	324.75	73.3
593	277.73	272.64	294.89	324.67	73.43
594	277.57	272.47	294.77	324.59	73.57
595	277.41	272.3	294.66	324.51	73.7
596	277.25	272.13	294.54	324.44	73.84
597	277.09	271.95	294.43	324.36	73.97
598	276.92	271.78	294.31	324.28	74.11
599	276.76	271.61	294.2	324.2	74.24
600	276.6	271.43	294.08	324.12	74.38
601	276.44	271.26	293.97	324.04	74.51
602	276.27	271.09	293.85	323.96	74.65
603	276.11	270.91	293.73	323.89	74.78
604	275.95	270.74	293.62	323.81	74.92
605	275.78	270.56	293.5	323.73	75.05
606	275.62	270.39	293.38	323.65	75.19
607	275.46	270.21	293.27	323.57	75.32
608	275.29	270.04	293.15	323.49	75.46
609	275.13	269.86	293.03	323.41	75.59
610	274.96	269.68	292.91	323.33	75.73
611	274.8	269.51	292.79	323.24	75.86
612	274.63	269.33	292.68	323.16	76
613	274.46	269.15	292.56	323.08	76.13
614	274.3	268.98	292.44	323	76.27
615	274.13	268.8	292.32	322.92	76.4
616	273.97	268.62	292.2	322.84	76.54
617	273.8	268.44	292.08	322.76	76.67
618	273.63	268.26	291.96	322.67	76.81
619	273.46	268.08	291.84	322.59	76.95
620	273.29	267.9	291.72	322.51	77.08
621	273.13	267.72	291.6	322.43	77.22
622	272.96	267.54	291.48	322.34	77.35
623	272.79	267.36	291.35	322.26	77.49
624	272.62	267.18	291.23	322.18	77.62
625	272.45	267	291.11	322.09	77.76
626	272.28	266.82	290.99	322.01	77.89
627	272.11	266.64	290.86	321.92	78.03
628	271.94	266.46	290.74	321.84	78.16
629	271.77	266.28	290.62	321.76	78.3
630	271.6	266.09	290.49	321.67	78.43
631	271.43	265.91	290.37	321.59	78.57
632	271.25	265.73	290.25	321.5	78.7
633	271.08	265.54	290.12	321.42	78.84
634	270.91	265.36	290	321.33	78.97
635	270.74	265.18	289.87	321.24	79.11
636	270.56	264.99	289.75	321.16	79.24
637	270.39	264.81	289.62	321.07	79.38
638	270.22	264.62	289.5	320.99	79.51
639	270.04	264.44	289.37	320.9	79.65
640	269.87	264.25	289.24	320.81	79.78
641	269.69	264.06	289.12	320.72	79.92
642	269.52	263.88	288.99	320.64	80.05
643	269.34	263.69	288.86	320.55	80.19
644	269.17	263.5	288.74	320.46	80.32
645	268.99	263.32	288.61	320.37	80.46
646	268.81	263.13	288.48	320.28	80.59
647	268.64	262.94	288.35	320.2	80.73
648	268.46	262.75	288.22	320.11	80.86
649	268.28	262.56	288.09	320.02	81
650	268.1	262.37	287.96	319.93	81.13
651	267.93	262.18	287.83	319.84	81.27
652	267.75	261.99	287.7	319.75	81.4
653	267.57	261.8	287.57	319.66	81.54
654	267.39	261.61	287.44	319.57	81.67
655	267.21	261.42	287.31	319.48	81.81
656	267.03	261.23	287.18	319.39	81.95
657	266.85	261.04	287.05	319.3	82.08
658	266.67	260.84	286.92	319.2	82.22
659	266.49	260.65	286.78	319.11	82.35
660	266.3	260.46	286.65	319.02	82.49
661	266.12	260.27	286.52	318.93	82.62
662	265.94	260.07	286.39	318.84	82.76
663	265.76	259.88	286.25	318.74	82.89
664	265.57	259.68	286.12	318.65	83.03
665	265.39	259.49	285.98	318.56	83.16
666	265.21	259.29	285.85	318.46	83.3
667	265.02	259.1	285.71	318.37	83.43
668	264.84	258.9	285.58	318.27	83.57
669	264.65	258.7	285.44	318.18	83.7
670	264.47	258.51	285.31	318.09	83.84
671	264.28	258.31	285.17	317.99	83.97
672	264.09	258.11	285.03	317.9	84.11
673	263.91	257.91	284.9	317.8	84.24
674	263.72	257.71	284.76	317.7	84.38
675	263.53	257.52	284.62	317.61	84.51
676	263.34	257.32	284.48	317.51	84.65
677	263.16	257.12	284.34	317.41	84.78
678	262.97	256.92	284.2	317.32	84.92
679	262.78	256.71	284.06	317.22	85.05
680	262.59	256.51	283.92	317.12	85.19
681	262.4	256.31	283.78	317.03	85.32
682	262.21	256.11	283.64	316.93	85.46
683	262.02	255.91	283.5	316.83	85.59
684	261.82	255.7	283.36	316.73	85.73
685	261.63	255.5	283.22	316.63	85.86
686	261.44	255.3	283.08	316.53	86
687	261.25	255.09	282.94	316.43	86.13
688	261.05	254.89	282.79	316.33	86.27
689	260.86	254.68	282.65	316.23	86.4
690	260.67	254.48	282.51	316.13	86.54
691	260.47	254.27	282.36	316.03	86.67
692	260.28	254.06	282.22	315.93	86.81
693	260.08	253.86	282.07	315.83	86.94
694	259.88	253.65	281.93	315.72	87.08
695	259.69	253.44	281.78	315.62	87.22
696	259.49	253.23	281.63	315.52	87.35
697	259.29	253.02	281.49	315.42	87.49
698	259.1	252.81	281.34	315.31	87.62
699	258.9	252.6	281.19	315.21	87.76
700	258.7	252.39	281.04	315.1	87.89
701	258.5	252.18	280.9	315	88.03
702	258.3	251.97	280.75	314.9	88.16
703	258.1	251.76	280.6	314.79	88.3
704	257.9	251.55	280.45	314.68	88.43
705	257.7	251.33	280.3	314.58	88.57
706	257.49	251.12	280.15	314.47	88.7
707	257.29	250.91	280	314.37	88.84
708	257.09	250.69	279.84	314.26	88.97
709	256.88	250.48	279.69	314.15	89.11
710	256.68	250.26	279.54	314.04	89.24
711	256.48	250.05	279.39	313.94	89.38
712	256.27	249.83	279.23	313.83	89.51
713	256.07	249.61	279.08	313.72	89.65
714	255.86	249.39	278.93	313.61	89.78
715	255.65	249.18	278.77	313.5	89.92
716	255.45	248.96	278.62	313.39	90.05
717	255.24	248.74	278.46	313.28	90.19
718	255.03	248.52	278.3	313.17	90.32
719	254.82	248.3	278.15	313.06	90.46
720	254.61	248.08	277.99	312.95	90.59
721	254.4	247.86	277.83	312.83	90.73
722	254.19	247.63	277.67	312.72	90.86
723	253.98	247.41	277.51	312.61	91
724	253.77	247.19	277.35	312.5	91.13
725	253.55	246.96	277.19	312.38	91.27
726	253.34	246.74	277.03	312.27	91.4
727	253.13	246.51	276.87	312.15	91.54
728	252.91	246.29	276.71	312.04	91.67
729	252.7	246.06	276.55	311.92	91.81
730	252.48	245.83	276.39	311.81	91.94
731	252.27	245.61	276.22	311.69	92.08
732	252.05	245.38	276.06	311.58	92.22
733	251.83	245.15	275.9	311.46	92.35
734	251.61	244.92	275.73	311.34	92.49
735	251.4	244.69	275.57	311.22	92.62
736	251.18	244.46	275.4	311.1	92.76
737	250.96	244.23	275.23	310.98	92.89
738	250.74	244	275.07	310.87	93.03
739	250.52	243.76	274.9	310.75	93.16
740	250.29	243.53	274.73	310.63	93.3
741	250.07	243.3	274.56	310.5	93.43
742	249.85	243.06	274.39	310.38	93.57
743	249.62	242.83	274.22	310.26	93.7
744	249.4	242.59	274.05	310.14	93.84
745	249.17	242.35	273.88	310.02	93.97
746	248.95	242.12	273.71	309.89	94.11
747	248.72	241.88	273.53	309.77	94.24
748	248.49	241.64	273.36	309.64	94.38
749	248.27	241.4	273.19	309.52	94.51
750	248.04	241.16	273.01	309.39	94.65
751	247.81	240.92	272.84	309.27	94.78
752	247.58	240.68	272.66	309.14	94.92
753	247.35	240.43	272.48	309.01	95.05
754	247.12	240.19	272.31	308.89	95.19
755	246.88	239.95	272.13	308.76	95.32
756	246.65	239.7	271.95	308.63	95.46
757	246.42	239.46	271.77	308.5	95.59
758	246.18	239.21	271.59	308.37	95.73
759	245.95	238.96	271.41	308.24	95.86
760	245.71	238.72	271.23	308.11	96
761	245.47	238.47	271.05	307.98	96.13
762	245.23	238.22	270.86	307.85	96.27
763	245	237.97	270.68	307.71	96.4
764	244.76	237.72	270.5	307.58	96.54
765	244.52	237.46	270.31	307.45	96.67
766	244.28	237.21	270.13	307.31	96.81
767	244.03	236.96	269.94	307.18	96.94
768	243.79	236.7	269.75	307.04	97.08
769	243.55	236.45	269.56	306.91	97.22
770	243.3	236.19	269.38	306.77	97.35
771	243.06	235.94	269.19	306.63	97.49
772	242.81	235.68	268.99	306.49	97.62
773	242.56	235.42	268.8	306.35	97.76
774	242.32	235.16	268.61	306.21	97.89
775	242.07	234.9	268.42	306.07	98.03
776	241.82	234.64	268.23	305.93	98.16
777	241.57	234.38	268.03	305.79	98.3
778	241.31	234.11	267.84	305.65	98.43
779	241.06	233.85	267.64	305.51	98.57
780	240.81	233.58	267.44	305.36	98.7
781	240.55	233.32	267.24	305.22	98.84
782	240.3	233.05	267.04	305.07	98.97
783	240.04	232.78	266.85	304.93	99.11
784	239.78	232.51	266.64	304.78	99.24
785	239.52	232.24	266.44	304.63	99.38
786	239.26	231.97	266.24	304.49	99.51
787	239	231.7	266.04	304.34	99.65
788	238.74	231.43	265.83	304.19	99.78
789	238.48	231.15	265.63	304.04	99.92
790	238.22	230.88	265.42	303.89	100.05
791	237.95	230.6	265.21	303.73	100.19
792	237.69	230.32	265.01	303.58	100.32
793	237.42	230.05	264.8	303.43	100.46
794	237.15	229.77	264.59	303.27	100.59
795	236.88	229.49	264.37	303.12	100.73
796	236.61	229.2	264.16	302.96	100.86
797	236.34	228.92	263.95	302.81	101
798	236.07	228.64	263.73	302.65	101.13
799	235.79	228.35	263.52	302.49	101.27
800	235.52	228.07	263.3	302.33	101.4
801	235.24	227.78	263.09	302.17	101.54
802	234.96	227.49	262.87	302.01	101.67
803	234.69	227.2	262.65	301.85	101.81
804	234.41	226.91	262.43	301.68	101.94
805	234.13	226.62	262.2	301.52	102.08
806	233.84	226.32	261.98	301.35	102.21
807	233.56	226.03	261.76	301.19	102.35
808	233.27	225.73	261.53	301.02	102.49
809	232.99	225.43	261.3	300.85	102.62
810	232.7	225.13	261.07	300.68	102.76
811	232.41	224.83	260.85	300.51	102.89
812	232.12	224.53	260.62	300.34	103.03
813	231.83	224.23	260.38	300.17	103.16
814	231.54	223.92	260.15	300	103.3
815	231.24	223.62	259.92	299.82	103.43
816	230.95	223.31	259.68	299.65	103.57
817	230.65	223	259.44	299.47	103.7
818	230.35	222.69	259.2	299.29	103.84
819	230.05	222.38	258.96	299.11	103.97
820	229.75	222.07	258.72	298.93	104.11
821	229.44	221.75	258.48	298.75	104.24
822	229.14	221.44	258.24	298.57	104.38
823	228.83	221.12	257.99	298.39	104.51
824	228.53	220.8	257.74	298.2	104.65
825	228.22	220.48	257.5	298.02	104.78
826	227.9	220.16	257.24	297.83	104.92
827	227.59	219.83	256.99	297.64	105.05
828	227.28	219.51	256.74	297.45	105.19
829	226.96	219.18	256.49	297.26	105.32
830	226.64	218.85	256.23	297.07	105.46
831	226.32	218.52	255.97	296.87	105.59
832	226	218.19	255.71	296.68	105.73
833	225.68	217.85	255.45	296.48	105.86
834	225.35	217.52	255.19	296.28	106
835	225.03	217.18	254.92	296.08	106.13
836	224.7	216.84	254.66	295.88	106.27
837	224.37	216.5	254.39	295.68	106.4
838	224.03	216.15	254.12	295.48	106.54
839	223.7	215.81	253.85	295.27	106.67
840	223.36	215.46	253.57	295.06	106.81
841	223.02	215.11	253.3	294.85	106.94
842	222.68	214.76	253.02	294.64	107.08
843	222.34	214.4	252.74	294.43	107.21
844	221.99	214.05	252.46	294.22	107.35
845	221.64	213.69	252.17	294	107.49
846	221.29	213.33	251.89	293.79	107.62
847	220.94	212.97	251.6	293.57	107.76
848	220.59	212.6	251.31	293.35	107.89
849	220.23	212.23	251.02	293.12	108.03
850	219.87	211.86	250.72	292.9	108.16
851	219.51	211.49	250.42	292.67	108.3
852	219.15	211.12	250.13	292.45	108.43
853	218.78	210.74	249.82	292.22	108.57
854	218.41	210.36	249.52	291.98	108.7
855	218.04	209.98	249.21	291.75	108.84
856	217.67	209.59	248.9	291.51	108.97
857	217.29	209.21	248.59	291.27	109.11
858	216.91	208.82	248.28	291.03	109.24
859	216.53	208.42	247.96	290.79	109.38
860	216.14	208.03	247.64	290.55	109.51
861	215.75	207.63	247.32	290.3	109.65
862	215.36	207.23	247	290.05	109.78
863	214.97	206.83	246.67	289.8	109.92
864	214.57	206.42	246.34	289.54	110.05
865	214.17	206.01	246	289.28	110.19
866	213.77	205.59	245.67	289.02	110.32
867	213.36	205.18	245.33	288.76	110.46
868	212.95	204.76	244.98	288.5	110.59
869	212.54	204.33	244.64	288.23	110.73
870	212.12	203.91	244.29	287.96	110.86
871	211.7	203.48	243.94	287.68	111
872	211.28	203.04	243.58	287.41	111.13
873	210.85	202.61	243.22	287.13	111.27
874	210.42	202.16	242.86	286.84	111.4
875	209.98	201.72	242.49	286.56	111.54
876	209.54	201.27	242.12	286.27	111.67
877	209.1	200.82	241.74	285.98	111.81
878	208.65	200.36	241.36	285.68	111.94
879	208.2	199.9	240.98	285.38	112.08
880	207.74	199.43	240.59	285.08	112.21
881	207.28	198.96	240.2	284.77	112.35
882	206.81	198.49	239.8	284.46	112.49
883	206.34	198.01	239.4	284.15	112.62
884	205.87	197.53	239	283.83	112.76
885	205.39	197.04	238.59	283.5	112.89
886	204.9	196.54	238.17	283.18	113.03
887	204.41	196.04	237.75	282.85	113.16
888	203.92	195.54	237.32	282.51	113.3
889	203.42	195.03	236.89	282.17	113.43
890	202.91	194.52	236.46	281.82	113.57
891	202.39	194	236.01	281.47	113.7
892	201.88	193.47	235.57	281.12	113.84
893	201.35	192.94	235.11	280.76	113.97
894	200.82	192.4	234.65	280.39	114.11
895	200.28	191.85	234.18	280.02	114.24
896	199.73	191.3	233.71	279.64	114.38
897	199.18	190.74	233.23	279.26	114.51
898	198.62	190.17	232.74	278.87	114.65
899	198.05	189.6	232.24	278.47	114.78
900	197.48	189.02	231.74	278.07	114.92
901	196.9	188.43	231.23	277.66	115.05
902	196.3	187.83	230.71	277.24	0
903	195.7	187.23	230.18	276.82	0
904	195.09	186.61	229.64	276.39	0
905	194.47	185.99	229.1	275.95	0
906	193.85	185.35	228.54	275.5	0
907	193.21	184.71	227.97	275.04	0
908	192.56	184.06	227.4	274.57	0
909	191.9	183.4	226.81	274.1	0
910	191.23	182.72	226.21	273.61	0
911	190.54	182.04	225.6	273.11	0
912	189.85	181.34	224.97	272.61	0
913	189.14	180.63	224.34	272.09	0
914	188.41	179.9	223.68	271.56	0
915	187.68	179.17	223.02	271.01	0
916	186.92	178.41	222.34	270.45	0
917	186.16	177.65	221.64	269.88	0
918	185.37	176.86	220.92	269.29	0
919	184.57	176.06	220.19	268.69	0
920	183.75	175.24	219.44	268.07	0
921	182.9	174.41	218.67	267.43	0
922	182.04	173.55	217.87	266.77	0
923	181.16	172.67	217.05	266.1	0
924	180.25	171.77	216.21	265.4	0
925	179.31	170.85	215.34	264.67	0
926	178.35	169.9	214.44	263.92	0
927	177.36	168.92	213.52	263.15	0
928	176.34	167.91	212.55	262.34	0
929	175.28	166.87	211.55	261.51	0
930	174.19	165.8	210.52	260.63	0
931	173.06	164.69	209.43	259.72	0
932	171.88	163.54	208.31	258.77	0
933	170.66	162.34	207.12	257.77	0
934	169.38	161.09	205.88	256.72	0
935	168.04	159.79	204.57	255.61	0
936	166.63	158.43	203.19	254.43	0
937	165.15	157	201.73	253.18	0
938	163.59	155.5	200.16	251.84	0
939	161.92	153.9	198.49	250.4	0
940	160.15	152.21	196.68	248.85	0
941	158.24	150.39	194.7	247.15	0
942	156.16	148.44	192.54	245.29	0
943	153.89	146.32	190.12	243.21	0
944	151.38	143.99	187.38	240.85	0
945	148.54	141.39	184.21	238.13	0
946	145.26	138.45	180.41	234.89	0
947	141.35	135.02	175.6	230.85	0
948	136.41	130.87	168.91	225.44	0
949	129.5	125.48	156.97	216.93	0
950	116.46	117.44	0	187.74	0
951	0	94.42	0	0	0
952	0	0	0	0	0
953	0	0	0	0	0
954	0	0	0	0	0
955	0	0	0	0	0
956	0	0	0	0	0
957	0	0	0	0	0
958	0	0	0	0	0
959	0	0	0	0	0
960	0	0	0	0	0
961	0	0	0	0	0
962	0	0	0	0	0
963	0	0	0	0	0
964	0	0	0	0	0
965	0	0	0	0	0
966	0	0	0	0	0
967	0	0	0	0	0
968	0	0	0	0	0
969	0	0	0	0	0
970	0	0	0	0	0
971	0	0	0	0	0
972	0	0	0	0	0
973	0	0	0	0	0
974	0	0	0	0	0
975	0	0	0	0	0
976	0	0	0	0	0
977	0	0	0	0	0
978	0	0	0	0	0
979	0	0	0	0	0
980	0	0	0	0	0
981	0	0	0	0	0
982	0	0	0	0	0
983	0	0	0	0	0
984	0	0	0	0	0
985	0	0	0	0	0
986	0	0	0	0	0
987	0	0	0	0	0
988	0	0	0	0	0
989	0	0	0	0	0
990	0	0	0	0	0
991	0	0	0	0	0
992	0	0	0	0	0
993	0	0	0	0	0
994	0	0	0	0	0
995	0	0	0	0	0
996	0	0	0	0	0
997	0	0	0	0	0
998	0	0	0	0	0
999	0	0	0	0	0
1000	0	0	0	0	0
1001	0	0	0	0	0
1002	0	0	0	0	0
1003	0	0	0	0	0
1004	0	0	0	0	0
1005	0	0	0	0	0
1006	0	0	0	0	0
1007	0	0	0	0	0
1008	0	0	0	0	0
1009	0	0	0	0	0
1010	0	0	0	0	0
1011	0	0	0	0	0
1012	0	0	0	0	0
1013	0	0	0	0	0
1014	0	0	0	0	0
1015	0	0	0	0	0
1016	0	0	0	0	0
1017	0	0	0	0	0
1018	0	0	0	0	0
1019	0	0	0	0	0
1020	0	0	0	0	0
1021	0	0	0	0	0
1022	0	0	0	0	0
1023	0	0	0	0	0
