0	330.06	330.07	300.03	320.01	-0.00100
1	329.98	329.98	299.99	319.98	-0.00002
2	329.90	329.90	299.95	319.96	0.00096
3	329.82	329.81	299.90	319.93	0.00194
4	329.74	329.72	299.86	319.90	0.00291
5	329.67	329.64	299.82	319.88	0.00389
6	329.59	329.55	299.78	319.85	0.00487
7	329.51	329.46	299.74	319.82	0.00585
8	329.43	329.38	299.69	319.79	0.00683
9	329.35	329.29	299.65	319.77	0.00781
10	329.27	329.20	299.61	319.74	0.00879
11	329.19	329.12	299.57	319.71	0.00976
12	329.11	329.03	299.53	319.69	0.01074
13	329.03	328.94	299.48	319.66	0.01172
14	328.95	328.86	299.44	319.63	0.01270
15	328.88	328.77	299.40	319.61	0.01368
16	328.80	328.68	299.36	319.58	0.01466
17	328.72	328.60	299.32	319.55	0.01563
18	328.64	328.51	299.27	319.53	0.01661
19	328.56	328.42	299.23	319.50	0.01759
20	328.48	328.34	299.19	319.47	0.01857
21	328.40	328.25	299.15	319.45	0.01955
22	328.32	328.16	299.11	319.42	0.02053
23	328.24	328.08	299.07	319.39	0.02151
24	328.16	327.99	299.02	319.36	0.02248
25	328.08	327.90	298.98	319.34	0.02346
26	328.01	327.82	298.94	319.31	0.02444
27	327.93	327.73	298.90	319.28	0.02542
28	327.85	327.64	298.86	319.26	0.02640
29	327.77	327.56	298.81	319.23	0.02738
30	327.69	327.47	298.77	319.20	0.02836
31	327.61	327.38	298.73	319.18	0.02933
32	327.53	327.29	298.69	319.15	0.03031
33	327.45	327.21	298.65	319.12	0.03129
34	327.37	327.12	298.60	319.10	0.03227
35	327.29	327.03	298.56	319.07	0.03325
36	327.21	326.94	298.52	319.04	0.03423
37	327.13	326.85	298.48	319.01	0.03520
38	327.05	326.76	298.43	318.99	0.03618
39	326.97	326.68	298.39	318.96	0.03716
40	326.89	326.59	298.35	318.93	0.03814
41	326.81	326.50	298.31	318.91	0.03912
42	326.73	326.41	298.26	318.88	0.04010
43	326.65	326.32	298.22	318.85	0.04108
44	326.57	326.23	298.18	318.82	0.04205
45	326.49	326.15	298.13	318.80	0.04303
46	326.41	326.06	298.09	318.77	0.04401
47	326.33	325.97	298.05	318.74	0.04499
48	326.25	325.88	298.01	318.71	0.04597
49	326.17	325.79	297.96	318.68	0.04695
50	326.09	325.70	297.92	318.66	0.04793
51	326.01	325.62	297.88	318.63	0.04890
52	325.93	325.53	297.83	318.60	0.04988
53	325.85	325.44	297.79	318.57	0.05086
54	325.77	325.35	297.75	318.54	0.05184
55	325.69	325.26	297.71	318.52	0.05282
56	325.61	325.17	297.66	318.49	0.05380
57	325.53	325.09	297.62	318.46	0.05477
58	325.45	325.00	297.58	318.43	0.05575
59	325.37	324.91	297.53	318.40	0.05673
60	325.29	324.82	297.49	318.38	0.05771
61	325.21	324.73	297.45	318.35	0.05869
62	325.13	324.64	297.41	318.32	0.05967
63	325.04	324.55	297.36	318.29	0.06065
64	324.96	324.46	297.32	318.26	0.06162
65	324.88	324.37	297.28	318.24	0.06260
66	324.80	324.28	297.23	318.21	0.06358
67	324.72	324.20	297.19	318.18	0.06456
68	324.64	324.11	297.15	318.15	0.06554
69	324.55	324.02	297.11	318.12	0.06652
70	324.47	323.93	297.06	318.10	0.06750
71	324.39	323.84	297.02	318.07	0.06847
72	324.31	323.75	296.98	318.04	0.06945
73	324.23	323.66	296.93	318.01	0.07043
74	324.15	323.57	296.89	317.98	0.07141
75	324.06	323.48	296.84	317.96	0.07239
76	323.98	323.39	296.80	317.93	0.07337
77	323.90	323.30	296.76	317.90	0.07434
78	323.82	323.21	296.71	317.87	0.07532
79	323.74	323.12	296.67	317.84	0.07630
80	323.66	323.03	296.62	317.82	0.07728
81	323.57	322.95	296.58	317.79	0.07826
82	323.49	322.86	296.53	317.76	0.07924
83	323.41	322.77	296.49	317.73	0.08022
84	323.33	322.68	296.45	317.70	0.08119
85	323.25	322.59	296.40	317.67	0.08217
86	323.17	322.50	296.36	317.64	0.08315
87	323.08	322.41	296.31	317.62	0.08413
88	323.00	322.32	296.27	317.59	0.08511
89	322.92	322.23	296.23	317.56	0.08609
90	322.84	322.14	296.18	317.53	0.08707
91	322.75	322.05	296.14	317.50	0.08804
92	322.67	321.96	296.09	317.47	0.08902
93	322.59	321.87	296.05	317.44	0.09000
94	322.51	321.78	296.01	317.41	0.09098
95	322.42	321.68	295.96	317.38	0.09196
96	322.34	321.59	295.92	317.35	0.09294
97	322.26	321.50	295.87	317.33	0.09391
98	322.17	321.41	295.83	317.30	0.09489
99	322.09	321.32	295.78	317.27	0.09587
100	322.01	321.23	295.74	317.24	0.09685
101	321.93	321.14	295.70	317.21	0.09783
102	321.84	321.05	295.65	317.18	0.09881
103	321.76	320.96	295.61	317.15	0.09979
104	321.68	320.87	295.56	317.12	0.10076
105	321.59	320.78	295.52	317.09	0.10174
106	321.51	320.69	295.47	317.06	0.10272
107	321.43	320.60	295.43	317.04	0.10370
108	321.35	320.51	295.38	317.01	0.10468
109	321.26	320.42	295.34	316.98	0.10566
110	321.18	320.32	295.29	316.95	0.10663
111	321.10	320.23	295.25	316.92	0.10761
112	321.01	320.14	295.20	316.89	0.10859
113	320.93	320.05	295.16	316.86	0.10957
114	320.85	319.96	295.11	316.83	0.11055
115	320.77	319.87	295.07	316.80	0.11153
116	320.68	319.78	295.02	316.77	0.11251
117	320.60	319.69	294.98	316.75	0.11348
118	320.52	319.60	294.93	316.72	0.11446
119	320.43	319.50	294.89	316.69	0.11544
120	320.35	319.41	294.84	316.66	0.11642
121	320.26	319.32	294.80	316.63	0.11740
122	320.18	319.23	294.75	316.60	0.11838
123	320.09	319.13	294.71	316.57	0.11936
124	320.01	319.04	294.66	316.54	0.12033
125	319.92	318.95	294.62	316.51	0.12131
126	319.84	318.86	294.57	316.48	0.12229
127	319.76	318.77	294.53	316.45	0.12327
128	319.67	318.67	294.48	316.42	0.12425
129	319.59	318.58	294.44	316.39	0.12523
130	319.50	318.49	294.39	316.36	0.12620
131	319.42	318.40	294.35	316.33	0.12718
132	319.33	318.30	294.30	316.30	0.12816
133	319.25	318.21	294.26	316.27	0.12914
134	319.16	318.12	294.21	316.24	0.13012
135	319.08	318.03	294.17	316.21	0.13110
136	319.00	317.94	294.12	316.18	0.13208
137	318.91	317.84	294.08	316.15	0.13305
138	318.83	317.75	294.03	316.12	0.13403
139	318.74	317.66	293.98	316.09	0.13501
140	318.66	317.57	293.94	316.06	0.13599
141	318.57	317.47	293.89	316.03	0.13697
142	318.49	317.38	293.84	316.00	0.13795
143	318.40	317.29	293.80	315.97	0.13893
144	318.32	317.20	293.75	315.94	0.13990
145	318.23	317.10	293.70	315.91	0.14088
146	318.15	317.01	293.66	315.88	0.14186
147	318.06	316.92	293.61	315.85	0.14284
148	317.98	316.82	293.56	315.82	0.14382
149	317.89	316.73	293.52	315.79	0.14480
150	317.81	316.63	293.47	315.76	0.14577
151	317.72	316.54	293.42	315.73	0.14675
152	317.64	316.45	293.38	315.70	0.14773
153	317.55	316.35	293.33	315.67	0.14871
154	317.46	316.26	293.29	315.64	0.14969
155	317.38	316.17	293.24	315.61	0.15067
156	317.29	316.07	293.19	315.58	0.15165
157	317.21	315.98	293.15	315.55	0.15262
158	317.12	315.88	293.10	315.52	0.15360
159	317.04	315.79	293.05	315.49	0.15458
160	316.95	315.70	293.01	315.46	0.15556
161	316.87	315.60	292.96	315.43	0.15654
162	316.78	315.51	292.91	315.40	0.15752
163	316.69	315.42	292.87	315.36	0.15850
164	316.61	315.32	292.82	315.33	0.15947
165	316.52	315.23	292.77	315.30	0.16045
166	316.44	315.13	292.73	315.27	0.16143
167	316.35	315.04	292.68	315.24	0.16241
168	316.27	314.95	292.63	315.21	0.16339
169	316.18	314.85	292.59	315.18	0.16437
170	316.10	314.76	292.54	315.15	0.16534
171	316.01	314.67	292.49	315.12	0.16632
172	315.92	314.57	292.44	315.08	0.16730
173	315.84	314.48	292.40	315.05	0.16828
174	315.75	314.38	292.35	315.02	0.16926
175	315.66	314.29	292.30	314.99	0.17024
176	315.57	314.19	292.25	314.96	0.17122
177	315.49	314.10	292.21	314.93	0.17219
178	315.40	314.00	292.16	314.90	0.17317
179	315.31	313.90	292.11	314.87	0.17415
180	315.22	313.81	292.06	314.84	0.17513
181	315.14	313.71	292.01	314.80	0.17611
182	315.05	313.62	291.97	314.77	0.17709
183	314.96	313.53	291.92	314.74	0.17807
184	314.88	313.43	291.87	314.71	0.17904
185	314.79	313.34	291.82	314.68	0.18002
186	314.70	313.24	291.78	314.65	0.18100
187	314.61	313.15	291.73	314.62	0.18198
188	314.53	313.05	291.68	314.59	0.18296
189	314.44	312.96	291.63	314.56	0.18394
190	314.35	312.86	291.59	314.52	0.18491
191	314.26	312.77	291.54	314.49	0.18589
192	314.18	312.67	291.49	314.46	0.18687
193	314.09	312.58	291.44	314.43	0.18785
194	314.00	312.48	291.39	314.40	0.18883
195	313.91	312.39	291.35	314.37	0.18981
196	313.83	312.29	291.30	314.34	0.19079
197	313.74	312.19	291.25	314.30	0.19176
198	313.65	312.10	291.20	314.27	0.19274
199	313.56	312.00	291.16	314.24	0.19372
200	313.47	311.90	291.11	314.21	0.19470
201	313.38	311.81	291.06	314.18	0.19568
202	313.30	311.71	291.01	314.14	0.19666
203	313.21	311.61	290.96	314.11	0.19763
204	313.12	311.52	290.91	314.08	0.19861
205	313.03	311.42	290.86	314.05	0.19959
206	312.94	311.32	290.82	314.02	0.20057
207	312.85	311.23	290.77	313.98	0.20155
208	312.76	311.13	290.72	313.95	0.20253
209	312.67	311.03	290.67	313.92	0.20351
210	312.59	310.93	290.62	313.89	0.20448
211	312.50	310.84	290.57	313.85	0.20546
212	312.41	310.74	290.52	313.82	0.20644
213	312.32	310.64	290.47	313.79	0.20742
214	312.23	310.55	290.42	313.76	0.20840
215	312.14	310.45	290.37	313.73	0.20938
216	312.05	310.35	290.33	313.69	0.21036
217	311.96	310.26	290.28	313.66	0.21133
218	311.88	310.16	290.23	313.63	0.21231
219	311.79	310.06	290.18	313.60	0.21329
220	311.70	309.97	290.13	313.57	0.21427
221	311.61	309.87	290.08	313.53	0.21525
222	311.52	309.77	290.03	313.50	0.21623
223	311.43	309.67	289.98	313.47	0.21720
224	311.34	309.58	289.93	313.44	0.21818
225	311.25	309.48	289.88	313.41	0.21916
226	311.16	309.38	289.84	313.37	0.22014
227	311.07	309.28	289.79	313.34	0.22112
228	310.98	309.18	289.74	313.31	0.22210
229	310.89	309.09	289.69	313.28	0.22308
230	310.80	308.99	289.64	313.24	0.22405
231	310.71	308.89	289.59	313.21	0.22503
232	310.62	308.79	289.54	313.18	0.22601
233	310.53	308.70	289.49	313.14	0.22699
234	310.44	308.60	289.44	313.11	0.22797
235	310.34	308.50	289.39	313.08	0.22895
236	310.25	308.40	289.34	313.04	0.22993
237	310.16	308.30	289.29	313.01	0.23090
238	310.07	308.21	289.24	312.98	0.23188
239	309.98	308.11	289.19	312.94	0.23286
240	309.89	308.01	289.14	312.91	0.23384
241	309.80	307.91	289.09	312.88	0.23482
242	309.71	307.81	289.04	312.84	0.23580
243	309.62	307.72	288.99	312.81	0.23677
244	309.53	307.62	288.94	312.78	0.23775
245	309.44	307.52	288.88	312.74	0.23873
246	309.35	307.42	288.83	312.71	0.23971
247	309.26	307.32	288.78	312.68	0.24069
248	309.17	307.22	288.73	312.64	0.24167
249	309.08	307.12	288.68	312.61	0.24265
250	308.99	307.02	288.63	312.58	0.24362
251	308.89	306.92	288.58	312.54	0.24460
252	308.80	306.82	288.53	312.51	0.24558
253	308.71	306.72	288.48	312.48	0.24656
254	308.62	306.62	288.43	312.44	0.24754
255	308.53	306.52	288.38	312.41	0.24852
256	308.43	306.42	288.33	312.38	0.24950
257	308.34	306.32	288.28	312.34	0.25047
258	308.25	306.22	288.23	312.31	0.25145
259	308.16	306.12	288.18	312.28	0.25243
260	308.07	306.02	288.13	312.24	0.25341
261	307.98	305.92	288.08	312.21	0.25439
262	307.89	305.82	288.02	312.18	0.25537
263	307.79	305.72	287.97	312.14	0.25634
264	307.70	305.62	287.92	312.11	0.25732
265	307.61	305.52	287.87	312.07	0.25830
266	307.52	305.42	287.82	312.04	0.25928
267	307.43	305.32	287.77	312.00	0.26026
268	307.33	305.22	287.71	311.97	0.26124
269	307.24	305.12	287.66	311.93	0.26222
270	307.15	305.02	287.61	311.90	0.26319
271	307.06	304.92	287.56	311.87	0.26417
272	306.97	304.82	287.51	311.83	0.26515
273	306.87	304.71	287.46	311.80	0.26613
274	306.78	304.61	287.40	311.76	0.26711
275	306.69	304.51	287.35	311.73	0.26809
276	306.59	304.41	287.30	311.69	0.26907
277	306.50	304.31	287.25	311.66	0.27004
278	306.41	304.21	287.20	311.63	0.27102
279	306.31	304.11	287.14	311.59	0.27200
280	306.22	304.01	287.09	311.56	0.27298
281	306.13	303.90	287.04	311.52	0.27396
282	306.03	303.80	286.99	311.49	0.27494
283	305.94	303.70	286.94	311.45	0.27591
284	305.84	303.60	286.89	311.42	0.27689
285	305.75	303.50	286.83	311.38	0.27787
286	305.66	303.40	286.78	311.35	0.27885
287	305.56	303.30	286.73	311.32	0.27983
288	305.47	303.20	286.68	311.28	0.28081
289	305.38	303.09	286.62	311.25	0.28179
290	305.28	302.99	286.57	311.21	0.28276
291	305.19	302.89	286.52	311.18	0.28374
292	305.10	302.79	286.47	311.14	0.28472
293	305.00	302.69	286.41	311.11	0.28570
294	304.91	302.58	286.36	311.07	0.28668
295	304.81	302.48	286.31	311.04	0.28766
296	304.72	302.38	286.25	311.00	0.28863
297	304.62	302.27	286.20	310.97	0.28961
298	304.53	302.17	286.15	310.93	0.29059
299	304.43	302.07	286.09	310.89	0.29157
300	304.34	301.97	286.04	310.86	0.29255
301	304.24	301.86	285.99	310.82	0.29353
302	304.15	301.76	285.94	310.79	0.29451
303	304.05	301.66	285.88	310.75	0.29548
304	303.96	301.55	285.83	310.71	0.29646
305	303.86	301.45	285.78	310.68	0.29744
306	303.77	301.35	285.72	310.64	0.29842
307	303.67	301.24	285.67	310.61	0.29940
308	303.58	301.14	285.62	310.57	0.30038
309	303.48	301.04	285.56	310.53	0.30136
310	303.39	300.94	285.51	310.50	0.30233
311	303.29	300.83	285.46	310.46	0.30331
312	303.20	300.73	285.41	310.43	0.30429
313	303.10	300.63	285.35	310.39	0.30527
314	303.01	300.52	285.30	310.35	0.30625
315	302.91	300.42	285.25	310.32	0.30723
316	302.82	300.32	285.19	310.28	0.30820
317	302.72	300.21	285.14	310.25	0.30918
318	302.62	300.11	285.08	310.21	0.31016
319	302.53	300.00	285.03	310.17	0.31114
320	302.43	299.90	284.97	310.14	0.31212
321	302.33	299.79	284.92	310.10	0.31310
322	302.24	299.69	284.86	310.07	0.31408
323	302.14	299.58	284.81	310.03	0.31505
324	302.04	299.48	284.75	309.99	0.31603
325	301.95	299.37	284.70	309.96	0.31701
326	301.85	299.27	284.64	309.92	0.31799
327	301.75	299.17	284.59	309.88	0.31897
328	301.65	299.06	284.54	309.85	0.31995
329	301.56	298.96	284.48	309.81	0.32093
330	301.46	298.85	284.43	309.77	0.32190
331	301.36	298.75	284.37	309.73	0.32288
332	301.27	298.64	284.32	309.70	0.32386
333	301.17	298.54	284.26	309.66	0.32484
334	301.07	298.43	284.21	309.62	0.32582
335	300.98	298.33	284.15	309.59	0.32680
336	300.88	298.22	284.10	309.55	0.32777
337	300.78	298.12	284.04	309.51	0.32875
338	300.69	298.01	283.99	309.48	0.32973
339	300.59	297.91	283.93	309.44	0.33071
340	300.49	297.80	283.88	309.40	0.33169
341	300.39	297.69	283.82	309.37	0.33267
342	300.29	297.59	283.77	309.33	0.33365
343	300.20	297.48	283.71	309.29	0.33462
344	300.10	297.37	283.66	309.26	0.33560
345	300.00	297.27	283.60	309.22	0.33658
346	299.90	297.16	283.54	309.18	0.33756
347	299.80	297.05	283.49	309.14	0.33854
348	299.70	296.95	283.43	309.11	0.33952
349	299.60	296.84	283.38	309.07	0.34050
350	299.51	296.73	283.32	309.03	0.34147
351	299.41	296.63	283.26	309.00	0.34245
352	299.31	296.52	283.21	308.96	0.34343
353	299.21	296.41	283.15	308.92	0.34441
354	299.11	296.31	283.10	308.88	0.34539
355	299.01	296.20	283.04	308.84	0.34637
356	298.91	296.09	282.98	308.81	0.34734
357	298.82	295.99	282.93	308.77	0.34832
358	298.72	295.88	282.87	308.73	0.34930
359	298.62	295.77	282.82	308.69	0.35028
360	298.52	295.66	282.76	308.65	0.35126
361	298.42	295.56	282.70	308.61	0.35224
362	298.32	295.45	282.65	308.57	0.35322
363	298.22	295.34	282.59	308.54	0.35419
364	298.12	295.23	282.54	308.50	0.35517
365	298.02	295.12	282.48	308.46	0.35615
366	297.92	295.02	282.42	308.42	0.35713
367	297.82	294.91	282.36	308.38	0.35811
368	297.72	294.80	282.31	308.34	0.35909
369	297.62	294.69	282.25	308.30	0.36007
370	297.52	294.58	282.19	308.27	0.36104
371	297.41	294.47	282.13	308.23	0.36202
372	297.31	294.37	282.07	308.19	0.36300
373	297.21	294.26	282.02	308.15	0.36398
374	297.11	294.15	281.96	308.11	0.36496
375	297.01	294.04	281.90	308.07	0.36594
376	296.91	293.93	281.84	308.03	0.36691
377	296.81	293.83	281.79	308.00	0.36789
378	296.71	293.72	281.73	307.96	0.36887
379	296.61	293.61	281.67	307.92	0.36985
380	296.51	293.50	281.61	307.88	0.37083
381	296.41	293.39	281.55	307.84	0.37181
382	296.31	293.28	281.50	307.80	0.37279
383	296.21	293.17	281.44	307.76	0.37376
384	296.10	293.06	281.38	307.72	0.37474
385	296.00	292.95	281.32	307.68	0.37572
386	295.90	292.84	281.26	307.64	0.37670
387	295.80	292.73	281.21	307.60	0.37768
388	295.70	292.62	281.15	307.56	0.37866
389	295.59	292.51	281.09	307.52	0.37963
390	295.49	292.40	281.03	307.48	0.38061
391	295.39	292.29	280.97	307.44	0.38159
392	295.29	292.18	280.91	307.40	0.38257
393	295.19	292.07	280.85	307.36	0.38355
394	295.08	291.96	280.79	307.33	0.38453
395	294.98	291.85	280.74	307.29	0.38551
396	294.88	291.74	280.68	307.25	0.38648
397	294.78	291.63	280.62	307.21	0.38746
398	294.68	291.52	280.56	307.17	0.38844
399	294.57	291.41	280.50	307.13	0.38942
400	294.47	291.30	280.44	307.09	0.39040
401	294.37	291.19	280.38	307.05	0.39138
402	294.27	291.07	280.32	307.01	0.39236
403	294.16	290.96	280.26	306.97	0.39333
404	294.06	290.85	280.20	306.93	0.39431
405	293.95	290.74	280.14	306.89	0.39529
406	293.85	290.63	280.08	306.85	0.39627
407	293.75	290.51	280.03	306.81	0.39725
408	293.64	290.40	279.97	306.77	0.39823
409	293.54	290.29	279.91	306.73	0.39920
410	293.43	290.18	279.85	306.69	0.40018
411	293.33	290.07	279.79	306.64	0.40116
412	293.23	289.95	279.73	306.60	0.40214
413	293.12	289.84	279.67	306.56	0.40312
414	293.02	289.73	279.61	306.52	0.40410
415	292.91	289.62	279.55	306.48	0.40508
416	292.81	289.51	279.48	306.44	0.40605
417	292.71	289.39	279.42	306.39	0.40703
418	292.60	289.28	279.36	306.35	0.40801
419	292.50	289.17	279.30	306.31	0.40899
420	292.39	289.06	279.24	306.27	0.40997
421	292.29	288.94	279.18	306.23	0.41095
422	292.18	288.83	279.12	306.19	0.41193
423	292.08	288.71	279.06	306.15	0.41290
424	291.97	288.60	278.99	306.10	0.41388
425	291.86	288.48	278.93	306.06	0.41486
426	291.76	288.37	278.87	306.02	0.41584
427	291.65	288.26	278.81	305.98	0.41682
428	291.55	288.14	278.75	305.94	0.41780
429	291.44	288.03	278.69	305.90	0.41877
430	291.33	287.91	278.63	305.85	0.41975
431	291.23	287.80	278.57	305.81	0.42073
432	291.12	287.69	278.50	305.77	0.42171
433	291.01	287.57	278.44	305.73	0.42269
434	290.91	287.46	278.38	305.69	0.42367
435	290.80	287.34	278.32	305.64	0.42465
436	290.70	287.23	278.26	305.60	0.42562
437	290.59	287.11	278.19	305.56	0.42660
438	290.48	287.00	278.13	305.52	0.42758
439	290.38	286.88	278.07	305.47	0.42856
440	290.27	286.77	278.01	305.43	0.42954
441	290.16	286.65	277.94	305.39	0.43052
442	290.05	286.54	277.88	305.34	0.43150
443	289.95	286.42	277.82	305.30	0.43247
444	289.84	286.31	277.76	305.26	0.43345
445	289.73	286.19	277.69	305.22	0.43443
446	289.62	286.07	277.63	305.17	0.43541
447	289.51	285.96	277.57	305.13	0.43639
448	289.41	285.84	277.50	305.09	0.43737
449	289.30	285.73	277.44	305.05	0.43834
450	289.19	285.61	277.38	305.00	0.43932
451	289.08	285.49	277.32	304.96	0.44030
452	288.98	285.38	277.25	304.92	0.44128
453	288.87	285.26	277.19	304.87	0.44226
454	288.76	285.15	277.13	304.83	0.44324
455	288.65	285.03	277.07	304.79	0.44422
456	288.54	284.92	277.00	304.75	0.44519
457	288.44	284.80	276.94	304.70	0.44617
458	288.33	284.68	276.88	304.66	0.44715
459	288.22	284.56	276.81	304.62	0.44813
460	288.11	284.45	276.75	304.57	0.44911
461	288.00	284.33	276.68	304.53	0.45009
462	287.89	284.21	276.62	304.48	0.45107
463	287.78	284.09	276.55	304.44	0.45204
464	287.67	283.97	276.49	304.40	0.45302
465	287.56	283.85	276.43	304.35	0.45400
466	287.45	283.73	276.36	304.31	0.45498
467	287.34	283.62	276.30	304.26	0.45596
468	287.23	283.50	276.23	304.22	0.45694
469	287.12	283.38	276.17	304.17	0.45791
470	287.01	283.26	276.10	304.13	0.45889
471	286.90	283.14	276.04	304.09	0.45987
472	286.79	283.03	275.98	304.04	0.46085
473	286.68	282.91	275.91	304.00	0.46183
474	286.57	282.79	275.85	303.95	0.46281
475	286.46	282.67	275.78	303.91	0.46379
476	286.35	282.55	275.72	303.86	0.46476
477	286.24	282.43	275.65	303.82	0.46574
478	286.13	282.31	275.59	303.78	0.46672
479	286.02	282.19	275.52	303.73	0.46770
480	285.90	282.07	275.46	303.69	0.46868
481	285.79	281.95	275.39	303.64	0.46966
482	285.68	281.83	275.32	303.60	0.47063
483	285.57	281.71	275.26	303.55	0.47161
484	285.45	281.59	275.19	303.51	0.47259
485	285.34	281.47	275.12	303.46	0.47357
486	285.23	281.35	275.06	303.42	0.47455
487	285.12	281.23	274.99	303.37	0.47553
488	285.01	281.11	274.92	303.32	0.47651
489	284.89	280.99	274.86	303.28	0.47748
490	284.78	280.87	274.79	303.23	0.47846
491	284.67	280.75	274.73	303.19	0.47944
492	284.56	280.63	274.66	303.14	0.48042
493	284.44	280.51	274.59	303.09	0.48140
494	284.33	280.39	274.53	303.05	0.48238
495	284.22	280.27	274.46	303.00	0.48336
496	284.11	280.14	274.39	302.95	0.48433
497	283.99	280.02	274.33	302.91	0.48531
498	283.88	279.90	274.26	302.86	0.48629
499	283.76	279.78	274.19	302.82	0.48727
500	283.65	279.65	274.12	302.77	0.48825
501	283.53	279.53	274.06	302.72	0.48923
502	283.42	279.41	273.99	302.68	0.49020
503	283.30	279.29	273.92	302.63	0.49118
504	283.19	279.16	273.85	302.59	0.49216
505	283.07	279.04	273.78	302.54	0.49314
506	282.96	278.92	273.72	302.49	0.49412
507	282.84	278.80	273.65	302.44	0.49510
508	282.73	278.67	273.58	302.40	0.49608
509	282.61	278.55	273.51	302.35	0.49705
510	282.50	278.43	273.44	302.30	0.49803
511	282.38	278.31	273.38	302.25	0.49901
512	282.27	278.18	273.31	302.21	0.49999
513	282.15	278.06	273.24	302.16	0.50097
514	282.04	277.93	273.17	302.11	0.50195
515	281.92	277.81	273.10	302.06	0.50293
516	281.80	277.68	273.04	302.02	0.50390
517	281.68	277.56	272.97	301.97	0.50488
518	281.57	277.43	272.90	301.92	0.50586
519	281.45	277.31	272.83	301.87	0.50684
520	281.33	277.18	272.76	301.82	0.50782
521	281.22	277.06	272.69	301.78	0.50880
522	281.10	276.93	272.62	301.73	0.50977
523	280.98	276.81	272.55	301.68	0.51075
524	280.87	276.68	272.48	301.63	0.51173
525	280.75	276.56	272.41	301.59	0.51271
526	280.63	276.43	272.34	301.54	0.51369
527	280.51	276.31	272.27	301.49	0.51467
528	280.40	276.18	272.19	301.44	0.51565
529	280.28	276.06	272.12	301.39	0.51662
530	280.16	275.93	272.05	301.34	0.51760
531	280.04	275.80	271.98	301.29	0.51858
532	279.92	275.68	271.91	301.24	0.51956
533	279.80	275.55	271.84	301.19	0.52054
534	279.69	275.42	271.77	301.14	0.52152
535	279.57	275.29	271.70	301.09	0.52250
536	279.45	275.17	271.63	301.04	0.52347
537	279.33	275.04	271.56	300.99	0.52445
538	279.21	274.91	271.49	300.95	0.52543
539	279.09	274.79	271.42	300.90	0.52641
540	278.97	274.66	271.34	300.85	0.52739
541	278.86	274.53	271.27	300.80	0.52837
542	278.74	274.41	271.20	300.75	0.52934
543	278.62	274.28	271.13	300.70	0.53032
544	278.50	274.15	271.05	300.65	0.53130
545	278.38	274.02	270.98	300.60	0.53228
546	278.26	273.89	270.91	300.55	0.53326
547	278.14	273.76	270.84	300.50	0.53424
548	278.02	273.63	270.77	300.45	0.53522
549	277.90	273.50	270.69	300.40	0.53619
550	277.77	273.37	270.62	300.35	0.53717
551	277.65	273.24	270.55	300.30	0.53815
552	277.53	273.12	270.48	300.24	0.53913
553	277.41	272.99	270.40	300.19	0.54011
554	277.29	272.86	270.33	300.14	0.54109
555	277.17	272.73	270.26	300.09	0.54207
556	277.05	272.60	270.19	300.04	0.54304
557	276.92	272.47	270.11	299.99	0.54402
558	276.80	272.34	270.04	299.93	0.54500
559	276.68	272.21	269.96	299.88	0.54598
560	276.56	272.08	269.89	299.83	0.54696
561	276.44	271.95	269.81	299.78	0.54794
562	276.32	271.81	269.74	299.73	0.54891
563	276.19	271.68	269.66	299.68	0.54989
564	276.07	271.55	269.59	299.63	0.55087
565	275.94	271.42	269.52	299.57	0.55185
566	275.82	271.29	269.44	299.52	0.55283
567	275.70	271.15	269.37	299.47	0.55381
568	275.57	271.02	269.29	299.42	0.55479
569	275.45	270.89	269.22	299.37	0.55576
570	275.32	270.76	269.14	299.31	0.55674
571	275.20	270.63	269.07	299.26	0.55772
572	275.08	270.49	268.99	299.21	0.55870
573	274.95	270.36	268.92	299.15	0.55968
574	274.83	270.23	268.84	299.10	0.56066
575	274.70	270.10	268.77	299.05	0.56163
576	274.58	269.96	268.69	298.99	0.56261
577	274.45	269.83	268.61	298.94	0.56359
578	274.33	269.69	268.54	298.89	0.56457
579	274.20	269.56	268.46	298.84	0.56555
580	274.07	269.42	268.38	298.78	0.56653
581	273.95	269.29	268.31	298.73	0.56751
582	273.82	269.15	268.23	298.68	0.56848
583	273.69	269.02	268.16	298.62	0.56946
584	273.57	268.88	268.08	298.57	0.57044
585	273.44	268.75	268.00	298.52	0.57142
586	273.31	268.61	267.93	298.46	0.57240
587	273.19	268.48	267.85	298.41	0.57338
588	273.06	268.34	267.77	298.35	0.57436
589	272.93	268.21	267.70	298.30	0.57533
590	272.81	268.07	267.62	298.24	0.57631
591	272.68	267.94	267.54	298.19	0.57729
592	272.55	267.80	267.46	298.13	0.57827
593	272.42	267.66	267.38	298.08	0.57925
594	272.29	267.53	267.30	298.02	0.58023
595	272.17	267.39	267.23	297.97	0.58120
596	272.04	267.26	267.15	297.91	0.58218
597	271.91	267.12	267.07	297.86	0.58316
598	271.78	266.98	266.99	297.80	0.58414
599	271.65	266.85	266.91	297.75	0.58512
600	271.52	266.71	266.83	297.69	0.58610
601	271.39	266.57	266.75	297.64	0.58708
602	271.27	266.44	266.67	297.58	0.58805
603	271.14	266.30	266.60	297.53	0.58903
604	271.01	266.16	266.52	297.47	0.59001
605	270.88	266.02	266.44	297.42	0.59099
606	270.75	265.88	266.36	297.36	0.59197
607	270.62	265.74	266.28	297.30	0.59295
608	270.49	265.60	266.20	297.25	0.59393
609	270.35	265.46	266.12	297.19	0.59490
610	270.22	265.33	266.04	297.13	0.59588
611	270.09	265.19	265.96	297.07	0.59686
612	269.96	265.05	265.88	297.02	0.59784
613	269.83	264.91	265.80	296.96	0.59882
614	269.70	264.77	265.71	296.90	0.59980
615	269.57	264.63	265.63	296.84	0.60077
616	269.43	264.49	265.55	296.79	0.60175
617	269.30	264.35	265.47	296.73	0.60273
618	269.17	264.21	265.39	296.67	0.60371
619	269.04	264.07	265.31	296.62	0.60469
620	268.91	263.92	265.23	296.56	0.60567
621	268.77	263.78	265.15	296.50	0.60665
622	268.64	263.64	265.07	296.44	0.60762
623	268.50	263.50	264.99	296.39	0.60860
624	268.37	263.35	264.90	296.33	0.60958
625	268.23	263.21	264.82	296.27	0.61056
626	268.10	263.07	264.73	296.21	0.61154
627	267.96	262.93	264.65	296.15	0.61252
628	267.83	262.78	264.57	296.09	0.61350
629	267.69	262.64	264.48	296.03	0.61447
630	267.56	262.50	264.40	295.97	0.61545
631	267.42	262.35	264.31	295.91	0.61643
632	267.29	262.21	264.23	295.85	0.61741
633	267.15	262.06	264.15	295.80	0.61839
634	267.02	261.92	264.06	295.74	0.61937
635	266.88	261.77	263.98	295.68	0.62034
636	266.74	261.63	263.89	295.62	0.62132
637	266.61	261.48	263.81	295.56	0.62230
638	266.47	261.34	263.72	295.50	0.62328
639	266.33	261.19	263.64	295.44	0.62426
640	266.19	261.05	263.55	295.38	0.62524
641	266.06	260.90	263.47	295.32	0.62622
642	265.92	260.76	263.38	295.26	0.62719
643	265.78	260.61	263.29	295.20	0.62817
644	265.65	260.46	263.21	295.13	0.62915
645	265.51	260.31	263.12	295.07	0.63013
646	265.37	260.17	263.04	295.01	0.63111
647	265.23	260.02	262.95	294.95	0.63209
648	265.09	259.87	262.86	294.89	0.63307
649	264.95	259.72	262.78	294.83	0.63404
650	264.81	259.58	262.69	294.76	0.63502
651	264.67	259.43	262.61	294.70	0.63600
652	264.53	259.28	262.52	294.64	0.63698
653	264.39	259.13	262.43	294.58	0.63796
654	264.25	258.99	262.34	294.52	0.63894
655	264.11	258.84	262.26	294.45	0.63991
656	263.97	258.69	262.17	294.39	0.64089
657	263.83	258.54	262.08	294.33	0.64187
658	263.69	258.39	261.99	294.27	0.64285
659	263.55	258.24	261.90	294.20	0.64383
660	263.40	258.09	261.82	294.14	0.64481
661	263.26	257.94	261.73	294.07	0.64579
662	263.12	257.79	261.64	294.01	0.64676
663	262.98	257.64	261.55	293.95	0.64774
664	262.84	257.49	261.47	293.88	0.64872
665	262.69	257.34	261.38	293.82	0.64970
666	262.55	257.19	261.29	293.76	0.65068
667	262.41	257.04	261.20	293.69	0.65166
668	262.27	256.89	261.11	293.63	0.65263
669	262.12	256.74	261.02	293.57	0.65361
670	261.98	256.58	260.92	293.50	0.65459
671	261.83	256.43	260.83	293.44	0.65557
672	261.69	256.27	260.74	293.37	0.65655
673	261.54	256.12	260.65	293.31	0.65753
674	261.40	255.96	260.56	293.24	0.65851
675	261.25	255.81	260.47	293.18	0.65948
676	261.11	255.66	260.38	293.11	0.66046
677	260.96	255.50	260.28	293.04	0.66144
678	260.81	255.35	260.19	292.98	0.66242
679	260.67	255.19	260.10	292.91	0.66340
680	260.52	255.04	260.01	292.84	0.66438
681	260.38	254.88	259.92	292.78	0.66536
682	260.23	254.73	259.82	292.71	0.66633
683	260.08	254.57	259.73	292.64	0.66731
684	259.93	254.41	259.63	292.58	0.66829
685	259.78	254.26	259.54	292.51	0.66927
686	259.63	254.10	259.45	292.44	0.67025
687	259.48	253.94	259.35	292.38	0.67123
688	259.34	253.79	259.26	292.31	0.67220
689	259.19	253.63	259.17	292.24	0.67318
690	259.04	253.47	259.07	292.17	0.67416
691	258.89	253.32	258.98	292.10	0.67514
692	258.74	253.16	258.88	292.04	0.67612
693	258.59	253.00	258.79	291.97	0.67710
694	258.44	252.84	258.69	291.90	0.67808
695	258.29	252.68	258.60	291.83	0.67905
696	258.13	252.52	258.50	291.76	0.68003
697	257.98	252.36	258.40	291.69	0.68101
698	257.83	252.20	258.31	291.62	0.68199
699	257.68	252.04	258.21	291.56	0.68297
700	257.52	251.88	258.11	291.49	0.68395
701	257.37	251.72	258.01	291.42	0.68493
702	257.22	251.56	257.92	291.35	0.68590
703	257.07	251.40	257.82	291.28	0.68688
704	256.91	251.24	257.72	291.21	0.68786
705	256.76	251.07	257.63	291.14	0.68884
706	256.60	250.91	257.53	291.06	0.68982
707	256.45	250.75	257.43	290.99	0.69080
708	256.29	250.58	257.33	290.92	0.69177
709	256.14	250.42	257.23	290.85	0.69275
710	255.98	250.25	257.13	290.78	0.69373
711	255.83	250.09	257.03	290.71	0.69471
712	255.67	249.93	256.93	290.64	0.69569
713	255.52	249.76	256.83	290.56	0.69667
714	255.36	249.60	256.73	290.49	0.69765
715	255.21	249.43	256.63	290.42	0.69862
716	255.05	249.27	256.53	290.35	0.69960
717	254.89	249.10	256.43	290.28	0.70058
718	254.73	248.93	256.33	290.20	0.70156
719	254.57	248.77	256.23	290.13	0.70254
720	254.41	248.60	256.13	290.05	0.70352
721	254.25	248.44	256.02	289.98	0.70450
722	254.10	248.27	255.92	289.90	0.70547
723	253.94	248.10	255.82	289.83	0.70645
724	253.78	247.94	255.71	289.75	0.70743
725	253.62	247.77	255.61	289.68	0.70841
726	253.46	247.60	255.51	289.60	0.70939
727	253.30	247.43	255.41	289.53	0.71037
728	253.14	247.26	255.31	289.45	0.71134
729	252.98	247.09	255.20	289.38	0.71232
730	252.81	246.92	255.10	289.30	0.71330
731	252.65	246.75	254.99	289.23	0.71428
732	252.49	246.58	254.89	289.15	0.71526
733	252.33	246.41	254.78	289.07	0.71624
734	252.17	246.24	254.68	289.00	0.71722
735	252.00	246.07	254.57	288.92	0.71819
736	251.84	245.90	254.47	288.84	0.71917
737	251.68	245.72	254.36	288.76	0.72015
738	251.51	245.55	254.26	288.69	0.72113
739	251.35	245.37	254.15	288.61	0.72211
740	251.18	245.20	254.05	288.53	0.72309
741	251.01	245.03	253.94	288.46	0.72407
742	250.85	244.85	253.83	288.38	0.72504
743	250.68	244.68	253.72	288.30	0.72602
744	250.51	244.50	253.61	288.22	0.72700
745	250.34	244.33	253.50	288.14	0.72798
746	250.18	244.15	253.39	288.06	0.72896
747	250.01	243.98	253.29	287.98	0.72994
748	249.84	243.80	253.18	287.90	0.73091
749	249.67	243.62	253.07	287.82	0.73189
750	249.50	243.45	252.96	287.74	0.73287
751	249.33	243.27	252.85	287.66	0.73385
752	249.16	243.09	252.74	287.58	0.73483
753	248.99	242.91	252.63	287.50	0.73581
754	248.82	242.74	252.51	287.42	0.73679
755	248.65	242.56	252.40	287.34	0.73776
756	248.48	242.38	252.29	287.25	0.73874
757	248.31	242.20	252.18	287.17	0.73972
758	248.14	242.01	252.06	287.09	0.74070
759	247.96	241.83	251.95	287.00	0.74168
760	247.79	241.65	251.84	286.92	0.74266
761	247.62	241.47	251.73	286.84	0.74363
762	247.44	241.28	251.61	286.75	0.74461
763	247.27	241.10	251.50	286.67	0.74559
764	247.10	240.92	251.38	286.59	0.74657
765	246.92	240.74	251.27	286.50	0.74755
766	246.75	240.55	251.15	286.42	0.74853
767	246.57	240.37	251.04	286.33	0.74951
768	246.39	240.18	250.92	286.25	0.75048
769	246.22	240.00	250.80	286.16	0.75146
770	246.04	239.81	250.69	286.07	0.75244
771	245.86	239.63	250.57	285.99	0.75342
772	245.68	239.44	250.46	285.90	0.75440
773	245.51	239.26	250.34	285.82	0.75538
774	245.33	239.07	250.22	285.73	0.75636
775	245.15	238.88	250.10	285.64	0.75733
776	244.97	238.69	249.98	285.56	0.75831
777	244.79	238.50	249.86	285.47	0.75929
778	244.60	238.32	249.74	285.38	0.76027
779	244.42	238.13	249.63	285.29	0.76125
780	244.24	237.94	249.51	285.20	0.76223
781	244.06	237.75	249.39	285.11	0.76320
782	243.87	237.56	249.27	285.02	0.76418
783	243.69	237.37	249.15	284.94	0.76516
784	243.51	237.17	249.03	284.85	0.76614
785	243.32	236.98	248.90	284.76	0.76712
786	243.14	236.78	248.78	284.67	0.76810
787	242.95	236.59	248.66	284.58	0.76908
788	242.76	236.39	248.53	284.49	0.77005
789	242.58	236.20	248.41	284.40	0.77103
790	242.39	236.00	248.29	284.30	0.77201
791	242.21	235.81	248.16	284.21	0.77299
792	242.02	235.61	248.04	284.11	0.77397
793	241.83	235.41	247.91	284.02	0.77495
794	241.64	235.22	247.78	283.93	0.77593
795	241.45	235.02	247.66	283.83	0.77690
796	241.26	234.82	247.53	283.74	0.77788
797	241.07	234.63	247.40	283.64	0.77886
798	240.88	234.43	247.27	283.55	0.77984
799	240.69	234.23	247.15	283.45	0.78082
800	240.50	234.03	247.02	283.36	0.78180
801	240.30	233.83	246.89	283.26	0.78277
802	240.11	233.63	246.76	283.17	0.78375
803	239.92	233.42	246.63	283.07	0.78473
804	239.72	233.22	246.50	282.97	0.78571
805	239.52	233.02	246.37	282.88	0.78669
806	239.33	232.82	246.23	282.78	0.78767
807	239.14	232.62	246.10	282.69	0.78865
808	238.94	232.41	245.97	282.59	0.78962
809	238.74	232.21	245.84	282.49	0.79060
810	238.54	232.00	245.71	282.39	0.79158
811	238.34	231.79	245.58	282.29	0.79256
812	238.15	231.58	245.44	282.19	0.79354
813	237.95	231.38	245.31	282.08	0.79452
814	237.75	231.17	245.17	281.98	0.79550
815	237.55	230.96	245.04	281.88	0.79647
816	237.35	230.75	244.90	281.78	0.79745
817	237.15	230.54	244.76	281.68	0.79843
818	236.94	230.33	244.63	281.58	0.79941
819	236.74	230.11	244.49	281.47	0.80039
820	236.53	229.90	244.35	281.37	0.80137
821	236.33	229.69	244.21	281.26	0.80234
822	236.12	229.48	244.08	281.16	0.80332
823	235.92	229.26	243.94	281.05	0.80430
824	235.71	229.05	243.80	280.95	0.80528
825	235.50	228.83	243.66	280.84	0.80626
826	235.29	228.62	243.52	280.74	0.80724
827	235.09	228.40	243.38	280.63	0.80822
828	234.88	228.19	243.23	280.52	0.80919
829	234.67	227.97	243.09	280.42	0.81017
830	234.46	227.75	242.95	280.31	0.81115
831	234.25	227.53	242.80	280.20	0.81213
832	234.03	227.31	242.66	280.09	0.81311
833	233.82	227.08	242.51	279.99	0.81409
834	233.61	226.86	242.37	279.88	0.81507
835	233.40	226.64	242.22	279.77	0.81604
836	233.18	226.42	242.07	279.66	0.81702
837	232.97	226.19	241.92	279.54	0.81800
838	232.75	225.97	241.77	279.43	0.81898
839	232.53	225.74	241.63	279.32	0.81996
840	232.31	225.52	241.48	279.21	0.82094
841	232.09	225.29	241.33	279.10	0.82191
842	231.87	225.07	241.18	278.98	0.82289
843	231.65	224.84	241.03	278.87	0.82387
844	231.43	224.61	240.87	278.75	0.82485
845	231.21	224.38	240.72	278.64	0.82583
846	230.98	224.15	240.57	278.52	0.82681
847	230.76	223.91	240.42	278.40	0.82779
848	230.54	223.68	240.26	278.28	0.82876
849	230.31	223.45	240.11	278.16	0.82974
850	230.09	223.22	239.95	278.05	0.83072
851	229.86	222.98	239.79	277.93	0.83170
852	229.63	222.75	239.63	277.81	0.83268
853	229.40	222.51	239.48	277.69	0.83366
854	229.17	222.27	239.32	277.57	0.83463
855	228.94	222.04	239.16	277.45	0.83561
856	228.71	221.80	239.00	277.32	0.83659
857	228.48	221.56	238.84	277.20	0.83757
858	228.24	221.32	238.67	277.08	0.83855
859	228.01	221.08	238.51	276.96	0.83953
860	227.78	220.83	238.35	276.83	0.84051
861	227.54	220.59	238.19	276.71	0.84148
862	227.31	220.35	238.02	276.58	0.84246
863	227.07	220.10	237.86	276.45	0.84344
864	226.83	219.85	237.69	276.32	0.84442
865	226.58	219.61	237.52	276.20	0.84540
866	226.34	219.36	237.36	276.07	0.84638
867	226.10	219.11	237.19	275.94	0.84736
868	225.86	218.86	237.02	275.81	0.84833
869	225.61	218.61	236.85	275.68	0.84931
870	225.37	218.35	236.68	275.54	0.85029
871	225.12	218.10	236.50	275.41	0.85127
872	224.87	217.85	236.33	275.28	0.85225
873	224.63	217.59	236.16	275.15	0.85323
874	224.38	217.34	235.98	275.01	0.85420
875	224.13	217.08	235.81	274.88	0.85518
876	223.88	216.82	235.63	274.74	0.85616
877	223.62	216.56	235.45	274.60	0.85714
878	223.37	216.30	235.27	274.46	0.85812
879	223.12	216.04	235.09	274.33	0.85910
880	222.86	215.77	234.91	274.19	0.86008
881	222.60	215.51	234.73	274.05	0.86105
882	222.35	215.24	234.54	273.91	0.86203
883	222.09	214.98	234.36	273.77	0.86301
884	221.83	214.71	234.17	273.62	0.86399
885	221.56	214.44	233.99	273.48	0.86497
886	221.30	214.17	233.80	273.34	0.86595
887	221.03	213.89	233.62	273.19	0.86693
888	220.77	213.62	233.43	273.04	0.86790
889	220.50	213.35	233.24	272.90	0.86888
890	220.23	213.07	233.04	272.75	0.86986
891	219.96	212.79	232.85	272.60	0.87084
892	219.69	212.52	232.66	272.45	0.87182
893	219.42	212.24	232.46	272.30	0.87280
894	219.15	211.96	232.27	272.14	0.87377
895	218.87	211.67	232.07	271.99	0.87475
896	218.59	211.39	231.88	271.84	0.87573
897	218.31	211.10	231.68	271.68	0.87671
898	218.03	210.82	231.48	271.53	0.87769
899	217.75	210.53	231.27	271.37	0.87867
900	217.46	210.24	231.07	271.21	0.87965
901	217.18	209.95	230.86	271.05	0.88062
902	216.89	209.65	230.66	270.89	0.88160
903	216.61	209.36	230.45	270.73	0.88258
904	216.32	209.07	230.24	270.57	0.88356
905	216.03	208.77	230.03	270.40	0.88454
906	215.74	208.47	229.82	270.24	0.88552
907	215.44	208.17	229.61	270.07	0.88650
908	215.15	207.87	229.39	269.91	0.88747
909	214.85	207.57	229.18	269.74	0.88845
910	214.55	207.26	228.96	269.57	0.88943
911	214.25	206.95	228.75	269.39	0.89041
912	213.95	206.64	228.53	269.22	0.89139
913	213.64	206.33	228.30	269.05	0.89237
914	213.33	206.01	228.08	268.87	0.89334
915	213.03	205.70	227.85	268.69	0.89432
916	212.72	205.39	227.63	268.52	0.89530
917	212.40	205.07	227.40	268.34	0.89628
918	212.09	204.75	227.17	268.16	0.89726
919	211.78	204.43	226.93	267.97	0.89824
920	211.46	204.10	226.70	267.79	0.89922
921	211.14	203.78	226.47	267.60	0.90019
922	210.81	203.45	226.23	267.42	0.90117
923	210.49	203.12	225.99	267.23	0.90215
924	210.16	202.79	225.75	267.04	0.90313
925	209.83	202.46	225.51	266.84	0.90411
926	209.49	202.12	225.26	266.65	0.90509
927	209.16	201.78	225.01	266.45	0.90607
928	208.83	201.44	224.77	266.25	0.90704
929	208.49	201.10	224.52	266.05	0.90802
930	208.15	200.75	224.26	265.85	0.90900
931	207.80	200.40	224.01	265.65	0.90998
932	207.46	200.05	223.76	265.44	0.91096
933	207.11	199.70	223.50	265.23	0.91194
934	206.76	199.34	223.23	265.03	0.91291
935	206.41	198.98	222.96	264.82	0.91389
936	206.05	198.62	222.70	264.61	0.91487
937	205.69	198.25	222.43	264.39	0.91585
938	205.33	197.89	222.16	264.17	0.91683
939	204.96	197.52	221.88	263.96	0.91781
940	204.60	197.15	221.61	263.73	0.91879
941	204.23	196.77	221.33	263.51	0.91976
942	203.85	196.40	221.05	263.29	0.92074
943	203.48	196.02	220.77	263.06	0.92172
944	203.10	195.63	220.48	262.83	0.92270
945	202.71	195.25	220.19	262.59	0.92368
946	202.32	194.86	219.90	262.36	0.92466
947	201.93	194.46	219.60	262.12	0.92563
948	201.53	194.07	219.30	261.87	0.92661
949	201.14	193.66	219.00	261.63	0.92759
950	200.74	193.26	218.69	261.38	0.92857
951	200.33	192.85	218.38	261.13	0.92955
952	199.92	192.44	218.07	260.88	0.93053
953	199.51	192.02	217.75	260.62	0.93151
954	199.09	191.61	217.43	260.36	0.93248
955	198.67	191.18	217.11	260.10	0.93346
956	198.25	190.76	216.78	259.83	0.93444
957	197.82	190.33	216.45	259.56	0.93542
958	197.38	189.89	216.12	259.29	0.93640
959	196.95	189.45	215.78	259.01	0.93738
960	196.50	189.01	215.43	258.73	0.93836
961	196.05	188.56	215.09	258.45	0.93933
962	195.60	188.10	214.73	258.16	0.94031
963	195.14	187.65	214.37	257.86	0.94129
964	194.68	187.18	214.01	257.57	0.94227
965	194.21	186.72	213.64	257.26	0.94325
966	193.74	186.24	213.27	256.96	0.94423
967	193.26	185.77	212.89	256.65	0.94520
968	192.77	185.28	212.51	256.33	0.94618
969	192.27	184.79	212.12	256.02	0.94716
970	191.78	184.29	211.73	255.69	0.94814
971	191.27	183.79	211.33	255.36	0.94912
972	190.76	183.28	210.93	255.02	0.95010
973	190.24	182.77	210.51	254.68	0.95108
974	189.71	182.24	210.09	254.33	0.95205
975	189.18	181.72	209.66	253.98	0.95303
976	188.64	181.18	209.23	253.61	0.95401
977	188.08	180.64	208.79	253.25	0.95499
978	187.53	180.08	208.35	252.87	0.95597
979	186.96	179.53	207.89	252.49	0.95695
980	186.39	178.96	207.42	252.10	0.95793
981	185.80	178.39	206.95	251.71	0.95890
982	185.21	177.80	206.47	251.30	0.95988
983	184.61	177.21	205.97	250.89	0.96086
984	183.99	176.60	205.47	250.46	0.96184
985	183.37	175.99	204.96	250.03	0.96282
986	182.73	175.37	204.43	249.59	0.96380
987	182.08	174.73	203.90	249.14	0.96477
988	181.42	174.08	203.35	248.67	0.96575
989	180.75	173.43	202.79	248.19	0.96673
990	180.06	172.75	202.22	247.71	0.96771
991	179.35	172.07	201.63	247.20	0.96869
992	178.64	171.37	201.02	246.69	0.96967
993	177.90	170.66	200.40	246.16	0.97065
994	177.15	169.93	199.77	245.61	0.97162
995	176.38	169.19	199.11	245.05	0.97260
996	175.59	168.43	198.44	244.47	0.97358
997	174.78	167.65	197.75	243.87	0.97456
998	173.95	166.85	197.03	243.25	0.97554
999	173.10	166.03	196.29	242.61	0.97652
1000 172.22	165.19	195.53	241.95	0.97750
1001 171.32	164.33	194.73	241.26	0.97847
1002 170.38	163.44	193.91	240.54	0.97945
1003 169.42	162.52	193.06	239.79	0.98043
1004 168.42	161.58	192.17	239.00	0.98141
1005 167.39	160.61	191.24	238.18	0.98239
1006 166.32	159.60	190.26	237.32	0.98337
1007 165.20	158.56	189.24	236.42	0.98434
1008 164.04	157.47	188.17	235.46	0.98532
1009 162.83	156.35	187.03	234.45	0.98630
1010 161.55	155.17	185.83	233.37	0.98728
1011 160.21	153.94	184.55	232.21	0.98826
1012 158.80	152.66	183.18	230.97	0.98924
1013 157.30	151.30	181.70	229.62	0.99022
1014 155.70	149.88	180.09	228.15	0.99119
1015 153.99	148.36	178.33	226.52	0.99217
1016 152.14	146.74	176.38	224.71	0.99315
1017 150.12	145.01	174.18	222.66	0.99413
1018 147.90	143.14	171.66	220.27	0.99511
1019 145.43	141.09	168.69	217.42	0.99609
1020 142.60	138.83	165.02	213.85	0.99707
1021 139.30	136.30	160.17	209.01	0.99804
1022 135.27	133.41	152.70	201.22	0.99902
1023 129.99	129.99	129.99	131.99	1.00000